# Magnus solar model B16-GS98
#
# Reference:  N. Vinyoles, A. M. Serenelli, F. L. Villante, S. Basu, J. Bergström, M. C. Gonzalez-Garcia, M. Maltoni, C. Peña-Garay and N. Song, "A new generation of standard solar models", ApJ 835, 202 (2017), doi:10.3847/1538-4357/835/2/202, arXiv:1611.09867
# Source:     https://web.archive.org/web/20220701130350/https://www.ice.csic.es/personal/aldos/Solar_Data_files/struct_b16_gs98.dat
# Original:   struct_b16_gs98.dat
# Retrieved:  2022-07-01 capture, from http://www.ice.csic.es/personal/aldos/Solar_Data.html (offline since at least 2026; the Internet Archive holds it)
# SHA-256:    ac9a1bdfd72699bd3d702d90b95ad853618b563475e072c9748a9e7e375f3f33 (of struct_b16_gs98.dat)
# Terms:      No terms stated on the authors' page; cite Vinyoles et al. (2017).
# Modified:   columns extracted only -- radius [R_sun], rho_g_per_cm3, hydrogen mass fraction X --
#             each value copied from the original as written; nothing recomputed or rounded.
#             Built by tools/build_solar_model_tables.py.
# density_column: rho_g_per_cm3
#
# The original header follows, as the authors wrote it:
#
#   # B16: A new Generation of Standard Solar Models
#   # arxiv:1611.09867
#   #
#   # Structure and detailed composition of the GS98 model
#   # Mass, radius and luminosity are normalized
#   # T, rho, P in cgs
#   # Abundances in mass fraction
#   #
#   #  Mass     Radius     Temp      Rho       Pres       Lumi      H1       He4      He3       C12       C13       N14        N15      O16       O17       O18        Ne        Na       Mg         Al        Si         P       S         Cl        Ar        K         Ca        Sc         Ti        V         Cr        Mn        Fe        Co        Ni
#
# r_over_r_sun  rho_g_per_cm3  x_hydrogen
0.00050  1.508e+02  0.34715
0.00100  1.508e+02  0.34718
0.00150  1.508e+02  0.34720
0.00200  1.508e+02  0.34725
0.00250  1.507e+02  0.34731
0.00300  1.507e+02  0.34738
0.00350  1.507e+02  0.34748
0.00400  1.506e+02  0.34759
0.00450  1.506e+02  0.34771
0.00500  1.505e+02  0.34785
0.00550  1.505e+02  0.34801
0.00600  1.504e+02  0.34818
0.00650  1.503e+02  0.34836
0.00700  1.502e+02  0.34856
0.00750  1.502e+02  0.34877
0.00800  1.501e+02  0.34900
0.00850  1.500e+02  0.34925
0.00900  1.499e+02  0.34950
0.00950  1.498e+02  0.34978
0.01000  1.497e+02  0.35006
0.01050  1.496e+02  0.35037
0.01100  1.494e+02  0.35068
0.01150  1.493e+02  0.35101
0.01200  1.492e+02  0.35136
0.01250  1.490e+02  0.35172
0.01300  1.489e+02  0.35209
0.01350  1.487e+02  0.35248
0.01400  1.486e+02  0.35288
0.01450  1.484e+02  0.35330
0.01500  1.483e+02  0.35373
0.01550  1.481e+02  0.35417
0.01600  1.479e+02  0.35463
0.01650  1.478e+02  0.35510
0.01700  1.476e+02  0.35558
0.01750  1.474e+02  0.35608
0.01800  1.472e+02  0.35659
0.01850  1.470e+02  0.35712
0.01900  1.468e+02  0.35766
0.01950  1.466e+02  0.35821
0.02000  1.464e+02  0.35878
0.02050  1.461e+02  0.35936
0.02100  1.459e+02  0.35995
0.02150  1.457e+02  0.36056
0.02200  1.455e+02  0.36117
0.02250  1.452e+02  0.36181
0.02300  1.450e+02  0.36245
0.02350  1.447e+02  0.36311
0.02400  1.445e+02  0.36378
0.02450  1.442e+02  0.36446
0.02500  1.440e+02  0.36515
0.02550  1.437e+02  0.36586
0.02600  1.435e+02  0.36658
0.02650  1.432e+02  0.36731
0.02700  1.429e+02  0.36806
0.02750  1.426e+02  0.36881
0.02800  1.424e+02  0.36958
0.02850  1.421e+02  0.37036
0.02900  1.418e+02  0.37115
0.02950  1.415e+02  0.37195
0.03000  1.412e+02  0.37276
0.03050  1.409e+02  0.37359
0.03100  1.406e+02  0.37442
0.03150  1.403e+02  0.37527
0.03200  1.400e+02  0.37613
0.03250  1.397e+02  0.37700
0.03300  1.393e+02  0.37788
0.03350  1.390e+02  0.37877
0.03400  1.387e+02  0.37967
0.03450  1.384e+02  0.38058
0.03500  1.380e+02  0.38150
0.03550  1.377e+02  0.38243
0.03600  1.374e+02  0.38337
0.03650  1.370e+02  0.38433
0.03700  1.367e+02  0.38529
0.03750  1.363e+02  0.38626
0.03800  1.360e+02  0.38724
0.03850  1.356e+02  0.38823
0.03900  1.353e+02  0.38923
0.03950  1.349e+02  0.39024
0.04000  1.346e+02  0.39125
0.04050  1.342e+02  0.39228
0.04100  1.338e+02  0.39331
0.04150  1.335e+02  0.39436
0.04200  1.331e+02  0.39541
0.04250  1.327e+02  0.39647
0.04300  1.324e+02  0.39754
0.04350  1.320e+02  0.39862
0.04400  1.316e+02  0.39970
0.04450  1.312e+02  0.40079
0.04500  1.309e+02  0.40189
0.04550  1.305e+02  0.40300
0.04600  1.301e+02  0.40411
0.04650  1.297e+02  0.40524
0.04700  1.293e+02  0.40637
0.04750  1.289e+02  0.40750
0.04800  1.285e+02  0.40865
0.04850  1.281e+02  0.40980
0.04900  1.277e+02  0.41096
0.04950  1.273e+02  0.41212
0.05000  1.270e+02  0.41329
0.05050  1.266e+02  0.41446
0.05100  1.262e+02  0.41565
0.05150  1.258e+02  0.41683
0.05200  1.253e+02  0.41803
0.05250  1.249e+02  0.41923
0.05300  1.245e+02  0.42043
0.05350  1.241e+02  0.42164
0.05400  1.237e+02  0.42286
0.05450  1.233e+02  0.42408
0.05500  1.229e+02  0.42530
0.05550  1.225e+02  0.42653
0.05600  1.221e+02  0.42777
0.05650  1.217e+02  0.42901
0.05700  1.213e+02  0.43025
0.05750  1.209e+02  0.43150
0.05800  1.204e+02  0.43275
0.05850  1.200e+02  0.43401
0.05900  1.196e+02  0.43527
0.05950  1.192e+02  0.43654
0.06000  1.188e+02  0.43780
0.06050  1.184e+02  0.43908
0.06100  1.180e+02  0.44035
0.06150  1.175e+02  0.44163
0.06200  1.171e+02  0.44291
0.06250  1.167e+02  0.44420
0.06300  1.163e+02  0.44549
0.06350  1.159e+02  0.44678
0.06400  1.155e+02  0.44807
0.06450  1.150e+02  0.44937
0.06500  1.146e+02  0.45067
0.06550  1.142e+02  0.45197
0.06600  1.138e+02  0.45327
0.06650  1.134e+02  0.45458
0.06700  1.130e+02  0.45588
0.06750  1.125e+02  0.45719
0.06800  1.121e+02  0.45850
0.06850  1.117e+02  0.45982
0.06900  1.113e+02  0.46113
0.06950  1.109e+02  0.46245
0.07000  1.105e+02  0.46377
0.07050  1.100e+02  0.46508
0.07100  1.096e+02  0.46640
0.07150  1.092e+02  0.46772
0.07200  1.088e+02  0.46905
0.07250  1.084e+02  0.47037
0.07300  1.080e+02  0.47169
0.07350  1.076e+02  0.47301
0.07400  1.071e+02  0.47434
0.07450  1.067e+02  0.47566
0.07500  1.063e+02  0.47699
0.07550  1.059e+02  0.47831
0.07600  1.055e+02  0.47964
0.07650  1.051e+02  0.48096
0.07700  1.047e+02  0.48228
0.07750  1.043e+02  0.48361
0.07800  1.039e+02  0.48493
0.07850  1.034e+02  0.48625
0.07900  1.030e+02  0.48758
0.07950  1.026e+02  0.48890
0.08000  1.022e+02  0.49022
0.08050  1.018e+02  0.49154
0.08100  1.014e+02  0.49285
0.08150  1.010e+02  0.49417
0.08200  1.006e+02  0.49549
0.08250  1.002e+02  0.49680
0.08300  9.981e+01  0.49812
0.08350  9.941e+01  0.49943
0.08400  9.901e+01  0.50074
0.08450  9.861e+01  0.50205
0.08500  9.822e+01  0.50335
0.08550  9.782e+01  0.50466
0.08600  9.742e+01  0.50596
0.08650  9.703e+01  0.50726
0.08700  9.664e+01  0.50856
0.08750  9.624e+01  0.50985
0.08800  9.585e+01  0.51115
0.08850  9.546e+01  0.51244
0.08900  9.507e+01  0.51373
0.08950  9.468e+01  0.51501
0.09000  9.429e+01  0.51630
0.09050  9.391e+01  0.51758
0.09100  9.352e+01  0.51886
0.09150  9.314e+01  0.52013
0.09200  9.275e+01  0.52140
0.09250  9.237e+01  0.52267
0.09300  9.199e+01  0.52394
0.09350  9.161e+01  0.52520
0.09400  9.123e+01  0.52646
0.09450  9.085e+01  0.52772
0.09500  9.048e+01  0.52897
0.09550  9.010e+01  0.53022
0.09600  8.973e+01  0.53147
0.09650  8.935e+01  0.53271
0.09700  8.898e+01  0.53395
0.09750  8.861e+01  0.53518
0.09800  8.824e+01  0.53642
0.09850  8.787e+01  0.53764
0.09900  8.750e+01  0.53887
0.09950  8.713e+01  0.54009
0.10000  8.677e+01  0.54130
0.10050  8.640e+01  0.54252
0.10100  8.604e+01  0.54372
0.10150  8.568e+01  0.54493
0.10200  8.532e+01  0.54613
0.10250  8.496e+01  0.54732
0.10300  8.460e+01  0.54851
0.10350  8.424e+01  0.54970
0.10400  8.388e+01  0.55088
0.10450  8.353e+01  0.55206
0.10500  8.318e+01  0.55323
0.10550  8.282e+01  0.55440
0.10600  8.247e+01  0.55557
0.10650  8.212e+01  0.55673
0.10700  8.177e+01  0.55788
0.10750  8.142e+01  0.55903
0.10800  8.108e+01  0.56018
0.10850  8.073e+01  0.56132
0.10900  8.039e+01  0.56246
0.10950  8.004e+01  0.56359
0.11000  7.970e+01  0.56472
0.11050  7.936e+01  0.56584
0.11100  7.902e+01  0.56696
0.11150  7.868e+01  0.56807
0.11200  7.834e+01  0.56918
0.11250  7.801e+01  0.57028
0.11300  7.767e+01  0.57138
0.11350  7.734e+01  0.57247
0.11400  7.701e+01  0.57356
0.11450  7.668e+01  0.57464
0.11500  7.635e+01  0.57572
0.11550  7.602e+01  0.57679
0.11600  7.569e+01  0.57785
0.11650  7.536e+01  0.57892
0.11700  7.504e+01  0.57997
0.11750  7.471e+01  0.58102
0.11800  7.439e+01  0.58207
0.11850  7.407e+01  0.58311
0.11900  7.375e+01  0.58414
0.11950  7.343e+01  0.58517
0.12000  7.311e+01  0.58620
0.12050  7.279e+01  0.58722
0.12100  7.248e+01  0.58823
0.12150  7.216e+01  0.58924
0.12200  7.185e+01  0.59024
0.12250  7.154e+01  0.59124
0.12300  7.122e+01  0.59223
0.12350  7.091e+01  0.59322
0.12400  7.060e+01  0.59420
0.12450  7.030e+01  0.59517
0.12500  6.999e+01  0.59614
0.12550  6.968e+01  0.59711
0.12600  6.938e+01  0.59807
0.12650  6.908e+01  0.59902
0.12700  6.877e+01  0.59997
0.12750  6.847e+01  0.60091
0.12800  6.817e+01  0.60185
0.12850  6.787e+01  0.60278
0.12900  6.758e+01  0.60370
0.12950  6.728e+01  0.60462
0.13000  6.698e+01  0.60554
0.13050  6.669e+01  0.60645
0.13100  6.640e+01  0.60735
0.13150  6.610e+01  0.60825
0.13200  6.581e+01  0.60914
0.13250  6.552e+01  0.61003
0.13300  6.523e+01  0.61091
0.13350  6.494e+01  0.61178
0.13400  6.466e+01  0.61265
0.13450  6.437e+01  0.61352
0.13500  6.409e+01  0.61438
0.13550  6.380e+01  0.61523
0.13600  6.352e+01  0.61608
0.13650  6.324e+01  0.61692
0.13700  6.296e+01  0.61776
0.13750  6.268e+01  0.61859
0.13800  6.240e+01  0.61941
0.13850  6.212e+01  0.62024
0.13900  6.185e+01  0.62105
0.13950  6.157e+01  0.62186
0.14000  6.130e+01  0.62266
0.14050  6.103e+01  0.62346
0.14100  6.075e+01  0.62426
0.14150  6.048e+01  0.62504
0.14200  6.021e+01  0.62583
0.14250  5.995e+01  0.62660
0.14300  5.968e+01  0.62737
0.14350  5.941e+01  0.62814
0.14400  5.914e+01  0.62890
0.14450  5.888e+01  0.62966
0.14500  5.862e+01  0.63041
0.14550  5.835e+01  0.63115
0.14600  5.809e+01  0.63189
0.14650  5.783e+01  0.63263
0.14700  5.757e+01  0.63336
0.14750  5.731e+01  0.63408
0.14800  5.705e+01  0.63480
0.14850  5.680e+01  0.63551
0.14900  5.654e+01  0.63622
0.14950  5.629e+01  0.63693
0.15000  5.603e+01  0.63763
0.15050  5.578e+01  0.63832
0.15100  5.553e+01  0.63901
0.15150  5.528e+01  0.63969
0.15200  5.503e+01  0.64037
0.15250  5.478e+01  0.64104
0.15300  5.453e+01  0.64172
0.15350  5.428e+01  0.64238
0.15400  5.403e+01  0.64304
0.15450  5.379e+01  0.64369
0.15500  5.354e+01  0.64434
0.15550  5.330e+01  0.64498
0.15600  5.306e+01  0.64562
0.15650  5.282e+01  0.64626
0.15700  5.258e+01  0.64689
0.15750  5.234e+01  0.64751
0.15800  5.210e+01  0.64813
0.15850  5.186e+01  0.64875
0.15900  5.162e+01  0.64936
0.15950  5.138e+01  0.64996
0.16000  5.115e+01  0.65056
0.16050  5.091e+01  0.65116
0.16100  5.068e+01  0.65175
0.16150  5.045e+01  0.65234
0.16200  5.022e+01  0.65292
0.16250  4.999e+01  0.65349
0.16300  4.975e+01  0.65407
0.16350  4.953e+01  0.65463
0.16400  4.930e+01  0.65519
0.16450  4.907e+01  0.65575
0.16500  4.884e+01  0.65631
0.16550  4.862e+01  0.65686
0.16600  4.839e+01  0.65740
0.16650  4.817e+01  0.65794
0.16700  4.794e+01  0.65847
0.16750  4.772e+01  0.65900
0.16800  4.750e+01  0.65953
0.16850  4.728e+01  0.66005
0.16900  4.706e+01  0.66057
0.16950  4.684e+01  0.66108
0.17000  4.662e+01  0.66158
0.17050  4.641e+01  0.66209
0.17100  4.619e+01  0.66259
0.17150  4.597e+01  0.66308
0.17200  4.576e+01  0.66357
0.17250  4.554e+01  0.66405
0.17300  4.533e+01  0.66453
0.17350  4.512e+01  0.66501
0.17400  4.491e+01  0.66548
0.17450  4.470e+01  0.66595
0.17500  4.449e+01  0.66641
0.17550  4.428e+01  0.66687
0.17600  4.407e+01  0.66733
0.17650  4.386e+01  0.66778
0.17700  4.365e+01  0.66822
0.17750  4.345e+01  0.66867
0.17800  4.324e+01  0.66910
0.17850  4.304e+01  0.66954
0.17900  4.283e+01  0.66997
0.17950  4.263e+01  0.67039
0.18000  4.243e+01  0.67082
0.18050  4.223e+01  0.67123
0.18100  4.203e+01  0.67165
0.18150  4.183e+01  0.67206
0.18200  4.163e+01  0.67246
0.18250  4.143e+01  0.67286
0.18300  4.123e+01  0.67326
0.18350  4.104e+01  0.67366
0.18400  4.084e+01  0.67405
0.18450  4.065e+01  0.67443
0.18500  4.045e+01  0.67482
0.18550  4.026e+01  0.67520
0.18600  4.007e+01  0.67557
0.18650  3.987e+01  0.67595
0.18700  3.968e+01  0.67631
0.18750  3.949e+01  0.67668
0.18800  3.930e+01  0.67704
0.18850  3.911e+01  0.67740
0.18900  3.892e+01  0.67775
0.18950  3.874e+01  0.67810
0.19000  3.855e+01  0.67845
0.19050  3.836e+01  0.67879
0.19100  3.818e+01  0.67914
0.19150  3.799e+01  0.67947
0.19200  3.781e+01  0.67981
0.19250  3.763e+01  0.68014
0.19300  3.744e+01  0.68047
0.19350  3.726e+01  0.68079
0.19400  3.708e+01  0.68111
0.19450  3.690e+01  0.68143
0.19500  3.672e+01  0.68174
0.19550  3.654e+01  0.68206
0.19600  3.636e+01  0.68236
0.19650  3.619e+01  0.68267
0.19700  3.601e+01  0.68297
0.19750  3.583e+01  0.68327
0.19800  3.566e+01  0.68357
0.19850  3.548e+01  0.68386
0.19900  3.531e+01  0.68415
0.19950  3.514e+01  0.68444
0.20000  3.496e+01  0.68472
0.20050  3.479e+01  0.68501
0.20100  3.462e+01  0.68528
0.20150  3.445e+01  0.68556
0.20200  3.428e+01  0.68583
0.20250  3.411e+01  0.68610
0.20300  3.394e+01  0.68637
0.20350  3.378e+01  0.68664
0.20400  3.361e+01  0.68690
0.20450  3.344e+01  0.68716
0.20500  3.328e+01  0.68742
0.20550  3.311e+01  0.68767
0.20600  3.295e+01  0.68792
0.20650  3.278e+01  0.68817
0.20700  3.262e+01  0.68842
0.20750  3.246e+01  0.68866
0.20800  3.230e+01  0.68890
0.20850  3.213e+01  0.68914
0.20900  3.197e+01  0.68938
0.20950  3.181e+01  0.68961
0.21000  3.166e+01  0.68984
0.21050  3.150e+01  0.69007
0.21100  3.134e+01  0.69030
0.21150  3.118e+01  0.69053
0.21200  3.103e+01  0.69075
0.21250  3.087e+01  0.69097
0.21300  3.071e+01  0.69118
0.21350  3.056e+01  0.69140
0.21400  3.041e+01  0.69161
0.21450  3.025e+01  0.69182
0.21500  3.010e+01  0.69203
0.21550  2.995e+01  0.69223
0.21600  2.980e+01  0.69244
0.21650  2.965e+01  0.69264
0.21700  2.950e+01  0.69284
0.21750  2.935e+01  0.69304
0.21800  2.920e+01  0.69324
0.21850  2.905e+01  0.69343
0.21900  2.890e+01  0.69362
0.21950  2.876e+01  0.69381
0.22000  2.861e+01  0.69400
0.22050  2.846e+01  0.69418
0.22100  2.832e+01  0.69437
0.22150  2.817e+01  0.69455
0.22200  2.803e+01  0.69473
0.22250  2.789e+01  0.69490
0.22300  2.774e+01  0.69508
0.22350  2.760e+01  0.69525
0.22400  2.746e+01  0.69542
0.22450  2.732e+01  0.69559
0.22500  2.718e+01  0.69577
0.22550  2.704e+01  0.69593
0.22600  2.690e+01  0.69610
0.22650  2.676e+01  0.69626
0.22700  2.663e+01  0.69642
0.22750  2.649e+01  0.69658
0.22800  2.635e+01  0.69674
0.22850  2.622e+01  0.69689
0.22900  2.608e+01  0.69705
0.22950  2.595e+01  0.69720
0.23000  2.581e+01  0.69735
0.23050  2.568e+01  0.69750
0.23100  2.554e+01  0.69765
0.23150  2.541e+01  0.69779
0.23200  2.528e+01  0.69794
0.23250  2.515e+01  0.69808
0.23300  2.502e+01  0.69822
0.23350  2.489e+01  0.69836
0.23400  2.476e+01  0.69850
0.23450  2.463e+01  0.69864
0.23500  2.450e+01  0.69877
0.23550  2.437e+01  0.69891
0.23600  2.425e+01  0.69904
0.23650  2.412e+01  0.69917
0.23700  2.399e+01  0.69929
0.23750  2.387e+01  0.69942
0.23800  2.374e+01  0.69955
0.23850  2.362e+01  0.69967
0.23900  2.349e+01  0.69979
0.23950  2.337e+01  0.69992
0.24000  2.325e+01  0.70004
0.24050  2.313e+01  0.70016
0.24100  2.300e+01  0.70028
0.24150  2.288e+01  0.70039
0.24200  2.276e+01  0.70051
0.24250  2.264e+01  0.70062
0.24300  2.252e+01  0.70073
0.24350  2.240e+01  0.70085
0.24400  2.229e+01  0.70095
0.24450  2.217e+01  0.70106
0.24500  2.205e+01  0.70117
0.24550  2.193e+01  0.70127
0.24600  2.182e+01  0.70138
0.24650  2.170e+01  0.70148
0.24700  2.159e+01  0.70159
0.24750  2.147e+01  0.70169
0.24800  2.136e+01  0.70179
0.24850  2.125e+01  0.70188
0.24900  2.113e+01  0.70198
0.24950  2.102e+01  0.70208
0.25000  2.091e+01  0.70217
0.25050  2.080e+01  0.70227
0.25100  2.069e+01  0.70236
0.25150  2.058e+01  0.70245
0.25200  2.047e+01  0.70254
0.25250  2.036e+01  0.70263
0.25300  2.025e+01  0.70272
0.25350  2.014e+01  0.70281
0.25400  2.003e+01  0.70290
0.25450  1.992e+01  0.70298
0.25500  1.982e+01  0.70306
0.25550  1.971e+01  0.70315
0.25600  1.961e+01  0.70323
0.25650  1.950e+01  0.70331
0.25700  1.940e+01  0.70339
0.25750  1.929e+01  0.70347
0.25800  1.919e+01  0.70355
0.25850  1.908e+01  0.70363
0.25900  1.898e+01  0.70370
0.25950  1.888e+01  0.70378
0.26000  1.878e+01  0.70385
0.26050  1.868e+01  0.70393
0.26100  1.858e+01  0.70400
0.26150  1.848e+01  0.70407
0.26200  1.838e+01  0.70415
0.26250  1.828e+01  0.70422
0.26300  1.818e+01  0.70429
0.26350  1.808e+01  0.70436
0.26400  1.798e+01  0.70443
0.26450  1.788e+01  0.70449
0.26500  1.779e+01  0.70456
0.26550  1.769e+01  0.70463
0.26600  1.759e+01  0.70470
0.26650  1.750e+01  0.70476
0.26700  1.740e+01  0.70482
0.26750  1.731e+01  0.70488
0.26800  1.721e+01  0.70495
0.26850  1.712e+01  0.70501
0.26900  1.703e+01  0.70507
0.26950  1.694e+01  0.70514
0.27000  1.684e+01  0.70520
0.27050  1.675e+01  0.70526
0.27100  1.666e+01  0.70532
0.27150  1.657e+01  0.70538
0.27200  1.648e+01  0.70544
0.27250  1.639e+01  0.70550
0.27300  1.630e+01  0.70556
0.27350  1.621e+01  0.70562
0.27400  1.612e+01  0.70568
0.27450  1.603e+01  0.70574
0.27500  1.594e+01  0.70580
0.27550  1.586e+01  0.70586
0.27600  1.577e+01  0.70591
0.27650  1.568e+01  0.70597
0.27700  1.560e+01  0.70603
0.27750  1.551e+01  0.70609
0.27800  1.543e+01  0.70614
0.27850  1.534e+01  0.70620
0.27900  1.526e+01  0.70626
0.27950  1.517e+01  0.70632
0.28000  1.509e+01  0.70637
0.28050  1.501e+01  0.70643
0.28100  1.492e+01  0.70649
0.28150  1.484e+01  0.70654
0.28200  1.476e+01  0.70660
0.28250  1.468e+01  0.70666
0.28300  1.460e+01  0.70671
0.28350  1.452e+01  0.70677
0.28400  1.444e+01  0.70682
0.28450  1.436e+01  0.70688
0.28500  1.428e+01  0.70693
0.28550  1.420e+01  0.70699
0.28600  1.412e+01  0.70704
0.28650  1.404e+01  0.70710
0.28700  1.396e+01  0.70715
0.28750  1.389e+01  0.70721
0.28800  1.381e+01  0.70726
0.28850  1.373e+01  0.70732
0.28900  1.366e+01  0.70737
0.28950  1.358e+01  0.70743
0.29000  1.351e+01  0.70748
0.29050  1.343e+01  0.70754
0.29100  1.336e+01  0.70759
0.29150  1.328e+01  0.70765
0.29200  1.321e+01  0.70770
0.29250  1.313e+01  0.70775
0.29300  1.306e+01  0.70781
0.29350  1.299e+01  0.70786
0.29400  1.292e+01  0.70791
0.29450  1.284e+01  0.70796
0.29500  1.277e+01  0.70802
0.29550  1.270e+01  0.70807
0.29600  1.263e+01  0.70812
0.29650  1.256e+01  0.70817
0.29700  1.249e+01  0.70822
0.29750  1.242e+01  0.70827
0.29800  1.235e+01  0.70832
0.29850  1.228e+01  0.70837
0.29900  1.221e+01  0.70842
0.29950  1.215e+01  0.70847
0.30000  1.208e+01  0.70852
0.30050  1.201e+01  0.70856
0.30100  1.194e+01  0.70861
0.30150  1.188e+01  0.70866
0.30200  1.181e+01  0.70870
0.30250  1.174e+01  0.70875
0.30300  1.168e+01  0.70880
0.30350  1.161e+01  0.70884
0.30400  1.155e+01  0.70889
0.30450  1.148e+01  0.70894
0.30500  1.142e+01  0.70898
0.30550  1.136e+01  0.70903
0.30600  1.129e+01  0.70908
0.30650  1.123e+01  0.70912
0.30700  1.117e+01  0.70917
0.30750  1.110e+01  0.70921
0.30800  1.104e+01  0.70926
0.30850  1.098e+01  0.70930
0.30900  1.092e+01  0.70934
0.30950  1.086e+01  0.70939
0.31000  1.080e+01  0.70943
0.31050  1.073e+01  0.70947
0.31100  1.067e+01  0.70952
0.31150  1.061e+01  0.70956
0.31200  1.055e+01  0.70960
0.31250  1.050e+01  0.70964
0.31300  1.044e+01  0.70968
0.31350  1.038e+01  0.70972
0.31400  1.032e+01  0.70977
0.31450  1.026e+01  0.70981
0.31500  1.020e+01  0.70985
0.31550  1.015e+01  0.70989
0.31600  1.009e+01  0.70993
0.31650  1.003e+01  0.70997
0.31700  9.977e+00  0.71001
0.31750  9.921e+00  0.71004
0.31800  9.865e+00  0.71008
0.31850  9.809e+00  0.71012
0.31900  9.754e+00  0.71016
0.31950  9.699e+00  0.71020
0.32000  9.645e+00  0.71023
0.32050  9.590e+00  0.71027
0.32100  9.537e+00  0.71031
0.32150  9.483e+00  0.71034
0.32200  9.430e+00  0.71038
0.32250  9.376e+00  0.71042
0.32300  9.324e+00  0.71045
0.32350  9.271e+00  0.71049
0.32400  9.219e+00  0.71052
0.32450  9.167e+00  0.71056
0.32500  9.116e+00  0.71059
0.32550  9.064e+00  0.71062
0.32600  9.013e+00  0.71066
0.32650  8.962e+00  0.71069
0.32700  8.912e+00  0.71072
0.32750  8.862e+00  0.71076
0.32800  8.812e+00  0.71079
0.32850  8.762e+00  0.71082
0.32900  8.713e+00  0.71085
0.32950  8.664e+00  0.71089
0.33000  8.615e+00  0.71092
0.33050  8.567e+00  0.71095
0.33100  8.518e+00  0.71098
0.33150  8.470e+00  0.71101
0.33200  8.423e+00  0.71104
0.33250  8.375e+00  0.71107
0.33300  8.328e+00  0.71111
0.33350  8.281e+00  0.71114
0.33400  8.235e+00  0.71117
0.33450  8.188e+00  0.71120
0.33500  8.142e+00  0.71123
0.33550  8.096e+00  0.71126
0.33600  8.051e+00  0.71129
0.33650  8.005e+00  0.71132
0.33700  7.960e+00  0.71135
0.33750  7.915e+00  0.71137
0.33800  7.871e+00  0.71140
0.33850  7.827e+00  0.71143
0.33900  7.782e+00  0.71146
0.33950  7.739e+00  0.71149
0.34000  7.695e+00  0.71151
0.34050  7.652e+00  0.71154
0.34100  7.609e+00  0.71157
0.34150  7.566e+00  0.71159
0.34200  7.523e+00  0.71162
0.34250  7.481e+00  0.71164
0.34300  7.439e+00  0.71167
0.34350  7.397e+00  0.71170
0.34400  7.355e+00  0.71172
0.34450  7.314e+00  0.71175
0.34500  7.273e+00  0.71177
0.34550  7.232e+00  0.71180
0.34600  7.191e+00  0.71182
0.34650  7.151e+00  0.71185
0.34700  7.110e+00  0.71188
0.34750  7.070e+00  0.71190
0.34800  7.031e+00  0.71193
0.34850  6.991e+00  0.71195
0.34900  6.952e+00  0.71198
0.34950  6.913e+00  0.71200
0.35000  6.874e+00  0.71203
0.35050  6.835e+00  0.71205
0.35100  6.797e+00  0.71208
0.35150  6.759e+00  0.71210
0.35200  6.721e+00  0.71212
0.35250  6.683e+00  0.71215
0.35300  6.645e+00  0.71217
0.35350  6.608e+00  0.71220
0.35400  6.571e+00  0.71222
0.35450  6.534e+00  0.71224
0.35500  6.497e+00  0.71227
0.35550  6.461e+00  0.71229
0.35600  6.424e+00  0.71231
0.35650  6.388e+00  0.71234
0.35700  6.352e+00  0.71236
0.35750  6.317e+00  0.71238
0.35800  6.281e+00  0.71240
0.35850  6.246e+00  0.71243
0.35900  6.211e+00  0.71245
0.35950  6.176e+00  0.71247
0.36000  6.141e+00  0.71250
0.36050  6.107e+00  0.71252
0.36100  6.073e+00  0.71254
0.36150  6.039e+00  0.71256
0.36200  6.005e+00  0.71258
0.36250  5.971e+00  0.71260
0.36300  5.938e+00  0.71262
0.36350  5.904e+00  0.71264
0.36400  5.871e+00  0.71266
0.36450  5.838e+00  0.71268
0.36500  5.806e+00  0.71270
0.36550  5.773e+00  0.71272
0.36600  5.741e+00  0.71274
0.36650  5.709e+00  0.71276
0.36700  5.677e+00  0.71279
0.36750  5.645e+00  0.71281
0.36800  5.613e+00  0.71283
0.36850  5.582e+00  0.71285
0.36900  5.551e+00  0.71287
0.36950  5.520e+00  0.71289
0.37000  5.489e+00  0.71291
0.37050  5.458e+00  0.71293
0.37100  5.428e+00  0.71295
0.37150  5.397e+00  0.71297
0.37200  5.367e+00  0.71299
0.37250  5.337e+00  0.71301
0.37300  5.307e+00  0.71303
0.37350  5.278e+00  0.71305
0.37400  5.248e+00  0.71307
0.37450  5.219e+00  0.71309
0.37500  5.190e+00  0.71311
0.37550  5.161e+00  0.71313
0.37600  5.132e+00  0.71315
0.37650  5.103e+00  0.71316
0.37700  5.075e+00  0.71318
0.37750  5.047e+00  0.71320
0.37800  5.018e+00  0.71322
0.37850  4.990e+00  0.71324
0.37900  4.963e+00  0.71326
0.37950  4.935e+00  0.71327
0.38000  4.908e+00  0.71329
0.38050  4.880e+00  0.71331
0.38100  4.853e+00  0.71333
0.38150  4.826e+00  0.71334
0.38200  4.799e+00  0.71336
0.38250  4.773e+00  0.71338
0.38300  4.746e+00  0.71340
0.38350  4.720e+00  0.71341
0.38400  4.693e+00  0.71343
0.38450  4.667e+00  0.71345
0.38500  4.641e+00  0.71347
0.38550  4.616e+00  0.71349
0.38600  4.590e+00  0.71350
0.38650  4.564e+00  0.71352
0.38700  4.539e+00  0.71354
0.38750  4.514e+00  0.71356
0.38800  4.489e+00  0.71357
0.38850  4.464e+00  0.71359
0.38900  4.439e+00  0.71361
0.38950  4.415e+00  0.71363
0.39000  4.390e+00  0.71364
0.39050  4.366e+00  0.71366
0.39100  4.342e+00  0.71368
0.39150  4.318e+00  0.71369
0.39200  4.294e+00  0.71371
0.39250  4.270e+00  0.71373
0.39300  4.246e+00  0.71375
0.39350  4.223e+00  0.71376
0.39400  4.199e+00  0.71378
0.39450  4.176e+00  0.71380
0.39500  4.153e+00  0.71382
0.39550  4.130e+00  0.71383
0.39600  4.107e+00  0.71385
0.39650  4.085e+00  0.71387
0.39700  4.062e+00  0.71388
0.39750  4.040e+00  0.71390
0.39800  4.017e+00  0.71392
0.39850  3.995e+00  0.71393
0.39900  3.973e+00  0.71395
0.39950  3.951e+00  0.71397
0.40000  3.929e+00  0.71398
0.40050  3.908e+00  0.71400
0.40100  3.886e+00  0.71401
0.40150  3.865e+00  0.71403
0.40200  3.844e+00  0.71405
0.40250  3.822e+00  0.71406
0.40300  3.801e+00  0.71408
0.40350  3.780e+00  0.71409
0.40400  3.760e+00  0.71411
0.40450  3.739e+00  0.71412
0.40500  3.718e+00  0.71414
0.40550  3.698e+00  0.71416
0.40600  3.678e+00  0.71417
0.40650  3.658e+00  0.71419
0.40700  3.637e+00  0.71420
0.40750  3.617e+00  0.71422
0.40800  3.598e+00  0.71423
0.40850  3.578e+00  0.71425
0.40900  3.558e+00  0.71427
0.40950  3.539e+00  0.71428
0.41000  3.519e+00  0.71430
0.41050  3.500e+00  0.71431
0.41100  3.481e+00  0.71433
0.41150  3.462e+00  0.71434
0.41200  3.443e+00  0.71436
0.41250  3.424e+00  0.71437
0.41300  3.405e+00  0.71439
0.41350  3.387e+00  0.71440
0.41400  3.368e+00  0.71442
0.41450  3.350e+00  0.71444
0.41500  3.332e+00  0.71445
0.41550  3.313e+00  0.71447
0.41600  3.295e+00  0.71448
0.41650  3.277e+00  0.71450
0.41700  3.259e+00  0.71451
0.41750  3.242e+00  0.71453
0.41800  3.224e+00  0.71454
0.41850  3.206e+00  0.71456
0.41900  3.189e+00  0.71457
0.41950  3.172e+00  0.71459
0.42000  3.154e+00  0.71460
0.42050  3.137e+00  0.71461
0.42100  3.120e+00  0.71463
0.42150  3.103e+00  0.71464
0.42200  3.086e+00  0.71466
0.42250  3.070e+00  0.71467
0.42300  3.053e+00  0.71468
0.42350  3.036e+00  0.71470
0.42400  3.020e+00  0.71471
0.42450  3.003e+00  0.71473
0.42500  2.987e+00  0.71474
0.42550  2.971e+00  0.71476
0.42600  2.955e+00  0.71477
0.42650  2.939e+00  0.71479
0.42700  2.923e+00  0.71480
0.42750  2.907e+00  0.71482
0.42800  2.891e+00  0.71483
0.42850  2.876e+00  0.71484
0.42900  2.860e+00  0.71486
0.42950  2.845e+00  0.71487
0.43000  2.829e+00  0.71488
0.43050  2.814e+00  0.71490
0.43100  2.799e+00  0.71491
0.43150  2.784e+00  0.71493
0.43200  2.769e+00  0.71494
0.43250  2.754e+00  0.71495
0.43300  2.739e+00  0.71497
0.43350  2.724e+00  0.71498
0.43400  2.709e+00  0.71500
0.43450  2.695e+00  0.71501
0.43500  2.680e+00  0.71503
0.43550  2.666e+00  0.71504
0.43600  2.652e+00  0.71506
0.43650  2.637e+00  0.71507
0.43700  2.623e+00  0.71508
0.43750  2.609e+00  0.71510
0.43800  2.595e+00  0.71511
0.43850  2.581e+00  0.71513
0.43900  2.567e+00  0.71514
0.43950  2.553e+00  0.71515
0.44000  2.540e+00  0.71517
0.44050  2.526e+00  0.71518
0.44100  2.513e+00  0.71519
0.44150  2.499e+00  0.71521
0.44200  2.486e+00  0.71522
0.44250  2.473e+00  0.71523
0.44300  2.459e+00  0.71525
0.44350  2.446e+00  0.71526
0.44400  2.433e+00  0.71528
0.44450  2.420e+00  0.71529
0.44500  2.407e+00  0.71530
0.44550  2.394e+00  0.71532
0.44600  2.381e+00  0.71533
0.44650  2.369e+00  0.71534
0.44700  2.356e+00  0.71536
0.44750  2.344e+00  0.71537
0.44800  2.331e+00  0.71538
0.44850  2.319e+00  0.71540
0.44900  2.306e+00  0.71541
0.44950  2.294e+00  0.71543
0.45000  2.282e+00  0.71544
0.45050  2.270e+00  0.71545
0.45100  2.258e+00  0.71547
0.45150  2.246e+00  0.71548
0.45200  2.234e+00  0.71550
0.45250  2.222e+00  0.71551
0.45300  2.210e+00  0.71552
0.45350  2.198e+00  0.71554
0.45400  2.187e+00  0.71555
0.45450  2.175e+00  0.71556
0.45500  2.163e+00  0.71558
0.45550  2.152e+00  0.71559
0.45600  2.141e+00  0.71560
0.45650  2.129e+00  0.71561
0.45700  2.118e+00  0.71563
0.45750  2.107e+00  0.71564
0.45800  2.096e+00  0.71565
0.45850  2.085e+00  0.71566
0.45900  2.074e+00  0.71568
0.45950  2.063e+00  0.71569
0.46000  2.052e+00  0.71570
0.46050  2.041e+00  0.71572
0.46100  2.030e+00  0.71573
0.46150  2.019e+00  0.71574
0.46200  2.009e+00  0.71576
0.46250  1.998e+00  0.71577
0.46300  1.988e+00  0.71578
0.46350  1.977e+00  0.71580
0.46400  1.967e+00  0.71581
0.46450  1.956e+00  0.71582
0.46500  1.946e+00  0.71584
0.46550  1.936e+00  0.71585
0.46600  1.926e+00  0.71586
0.46650  1.916e+00  0.71587
0.46700  1.906e+00  0.71589
0.46750  1.896e+00  0.71590
0.46800  1.886e+00  0.71591
0.46850  1.876e+00  0.71593
0.46900  1.866e+00  0.71594
0.46950  1.856e+00  0.71595
0.47000  1.846e+00  0.71596
0.47050  1.837e+00  0.71598
0.47100  1.827e+00  0.71599
0.47150  1.818e+00  0.71600
0.47200  1.808e+00  0.71602
0.47250  1.799e+00  0.71603
0.47300  1.789e+00  0.71604
0.47350  1.780e+00  0.71605
0.47400  1.771e+00  0.71607
0.47450  1.761e+00  0.71608
0.47500  1.752e+00  0.71609
0.47550  1.743e+00  0.71610
0.47600  1.734e+00  0.71612
0.47650  1.725e+00  0.71613
0.47700  1.716e+00  0.71614
0.47750  1.707e+00  0.71615
0.47800  1.698e+00  0.71617
0.47850  1.689e+00  0.71618
0.47900  1.681e+00  0.71619
0.47950  1.672e+00  0.71620
0.48000  1.663e+00  0.71622
0.48050  1.654e+00  0.71623
0.48100  1.646e+00  0.71624
0.48150  1.637e+00  0.71625
0.48200  1.629e+00  0.71627
0.48250  1.620e+00  0.71628
0.48300  1.612e+00  0.71629
0.48350  1.604e+00  0.71630
0.48400  1.595e+00  0.71632
0.48450  1.587e+00  0.71633
0.48500  1.579e+00  0.71634
0.48550  1.571e+00  0.71635
0.48600  1.563e+00  0.71637
0.48650  1.555e+00  0.71638
0.48700  1.547e+00  0.71639
0.48750  1.539e+00  0.71640
0.48800  1.531e+00  0.71641
0.48850  1.523e+00  0.71642
0.48900  1.515e+00  0.71644
0.48950  1.507e+00  0.71645
0.49000  1.499e+00  0.71646
0.49050  1.492e+00  0.71647
0.49100  1.484e+00  0.71649
0.49150  1.476e+00  0.71650
0.49200  1.469e+00  0.71651
0.49250  1.461e+00  0.71652
0.49300  1.454e+00  0.71653
0.49350  1.446e+00  0.71654
0.49400  1.439e+00  0.71656
0.49450  1.431e+00  0.71657
0.49500  1.424e+00  0.71658
0.49550  1.417e+00  0.71659
0.49600  1.410e+00  0.71660
0.49650  1.402e+00  0.71661
0.49700  1.395e+00  0.71662
0.49750  1.388e+00  0.71664
0.49800  1.381e+00  0.71665
0.49850  1.374e+00  0.71666
0.49900  1.367e+00  0.71667
0.49950  1.360e+00  0.71668
0.50000  1.353e+00  0.71669
0.50050  1.346e+00  0.71671
0.50100  1.339e+00  0.71672
0.50150  1.332e+00  0.71673
0.50200  1.326e+00  0.71674
0.50250  1.319e+00  0.71675
0.50300  1.312e+00  0.71677
0.50350  1.305e+00  0.71678
0.50400  1.299e+00  0.71679
0.50450  1.292e+00  0.71680
0.50500  1.286e+00  0.71681
0.50550  1.279e+00  0.71683
0.50600  1.273e+00  0.71684
0.50650  1.266e+00  0.71685
0.50700  1.260e+00  0.71686
0.50750  1.253e+00  0.71687
0.50800  1.247e+00  0.71689
0.50850  1.241e+00  0.71690
0.50900  1.234e+00  0.71691
0.50950  1.228e+00  0.71692
0.51000  1.222e+00  0.71693
0.51050  1.216e+00  0.71694
0.51100  1.210e+00  0.71696
0.51150  1.204e+00  0.71697
0.51200  1.198e+00  0.71698
0.51250  1.191e+00  0.71699
0.51300  1.185e+00  0.71700
0.51350  1.179e+00  0.71701
0.51400  1.174e+00  0.71703
0.51450  1.168e+00  0.71704
0.51500  1.162e+00  0.71705
0.51550  1.156e+00  0.71706
0.51600  1.150e+00  0.71707
0.51650  1.144e+00  0.71709
0.51700  1.139e+00  0.71710
0.51750  1.133e+00  0.71711
0.51800  1.127e+00  0.71712
0.51850  1.122e+00  0.71713
0.51900  1.116e+00  0.71714
0.51950  1.110e+00  0.71716
0.52000  1.105e+00  0.71717
0.52050  1.099e+00  0.71718
0.52100  1.094e+00  0.71719
0.52150  1.088e+00  0.71720
0.52200  1.083e+00  0.71721
0.52250  1.077e+00  0.71723
0.52300  1.072e+00  0.71724
0.52350  1.067e+00  0.71725
0.52400  1.061e+00  0.71726
0.52450  1.056e+00  0.71727
0.52500  1.051e+00  0.71729
0.52550  1.046e+00  0.71730
0.52600  1.040e+00  0.71731
0.52650  1.035e+00  0.71732
0.52700  1.030e+00  0.71734
0.52750  1.025e+00  0.71735
0.52800  1.020e+00  0.71736
0.52850  1.015e+00  0.71737
0.52900  1.010e+00  0.71738
0.52950  1.005e+00  0.71740
0.53000  9.997e-01  0.71741
0.53050  9.947e-01  0.71742
0.53100  9.898e-01  0.71743
0.53150  9.849e-01  0.71744
0.53200  9.800e-01  0.71745
0.53250  9.751e-01  0.71747
0.53300  9.703e-01  0.71748
0.53350  9.655e-01  0.71749
0.53400  9.607e-01  0.71750
0.53450  9.560e-01  0.71752
0.53500  9.512e-01  0.71753
0.53550  9.466e-01  0.71754
0.53600  9.419e-01  0.71755
0.53650  9.373e-01  0.71756
0.53700  9.326e-01  0.71757
0.53750  9.281e-01  0.71758
0.53800  9.235e-01  0.71760
0.53850  9.189e-01  0.71761
0.53900  9.144e-01  0.71762
0.53950  9.099e-01  0.71763
0.54000  9.054e-01  0.71764
0.54050  9.010e-01  0.71765
0.54100  8.965e-01  0.71767
0.54150  8.921e-01  0.71768
0.54200  8.878e-01  0.71769
0.54250  8.834e-01  0.71770
0.54300  8.791e-01  0.71771
0.54350  8.748e-01  0.71773
0.54400  8.705e-01  0.71774
0.54450  8.662e-01  0.71775
0.54500  8.620e-01  0.71776
0.54550  8.578e-01  0.71777
0.54600  8.536e-01  0.71778
0.54650  8.494e-01  0.71780
0.54700  8.453e-01  0.71781
0.54750  8.412e-01  0.71782
0.54800  8.371e-01  0.71783
0.54850  8.330e-01  0.71784
0.54900  8.289e-01  0.71785
0.54950  8.248e-01  0.71786
0.55000  8.208e-01  0.71788
0.55050  8.168e-01  0.71789
0.55100  8.129e-01  0.71790
0.55150  8.089e-01  0.71791
0.55200  8.050e-01  0.71792
0.55250  8.011e-01  0.71793
0.55300  7.972e-01  0.71795
0.55350  7.933e-01  0.71796
0.55400  7.895e-01  0.71797
0.55450  7.856e-01  0.71798
0.55500  7.818e-01  0.71799
0.55550  7.780e-01  0.71801
0.55600  7.743e-01  0.71802
0.55650  7.705e-01  0.71803
0.55700  7.668e-01  0.71804
0.55750  7.631e-01  0.71805
0.55800  7.594e-01  0.71806
0.55850  7.557e-01  0.71808
0.55900  7.521e-01  0.71809
0.55950  7.485e-01  0.71810
0.56000  7.448e-01  0.71811
0.56050  7.412e-01  0.71812
0.56100  7.377e-01  0.71813
0.56150  7.341e-01  0.71814
0.56200  7.306e-01  0.71815
0.56250  7.271e-01  0.71817
0.56300  7.236e-01  0.71818
0.56350  7.201e-01  0.71819
0.56400  7.166e-01  0.71820
0.56450  7.132e-01  0.71821
0.56500  7.098e-01  0.71822
0.56550  7.063e-01  0.71823
0.56600  7.030e-01  0.71824
0.56650  6.996e-01  0.71825
0.56700  6.962e-01  0.71827
0.56750  6.929e-01  0.71828
0.56800  6.896e-01  0.71829
0.56850  6.863e-01  0.71830
0.56900  6.830e-01  0.71831
0.56950  6.797e-01  0.71832
0.57000  6.765e-01  0.71833
0.57050  6.733e-01  0.71834
0.57100  6.701e-01  0.71835
0.57150  6.669e-01  0.71836
0.57200  6.637e-01  0.71837
0.57250  6.605e-01  0.71838
0.57300  6.574e-01  0.71839
0.57350  6.542e-01  0.71841
0.57400  6.511e-01  0.71842
0.57450  6.480e-01  0.71843
0.57500  6.449e-01  0.71844
0.57550  6.419e-01  0.71845
0.57600  6.388e-01  0.71846
0.57650  6.358e-01  0.71847
0.57700  6.328e-01  0.71848
0.57750  6.298e-01  0.71849
0.57800  6.268e-01  0.71850
0.57850  6.238e-01  0.71851
0.57900  6.209e-01  0.71852
0.57950  6.179e-01  0.71853
0.58000  6.150e-01  0.71854
0.58050  6.121e-01  0.71855
0.58100  6.092e-01  0.71855
0.58150  6.063e-01  0.71856
0.58200  6.035e-01  0.71857
0.58250  6.006e-01  0.71858
0.58300  5.978e-01  0.71859
0.58350  5.950e-01  0.71860
0.58400  5.922e-01  0.71861
0.58450  5.894e-01  0.71862
0.58500  5.866e-01  0.71863
0.58550  5.838e-01  0.71864
0.58600  5.811e-01  0.71865
0.58650  5.783e-01  0.71866
0.58700  5.756e-01  0.71867
0.58750  5.729e-01  0.71868
0.58800  5.702e-01  0.71869
0.58850  5.676e-01  0.71869
0.58900  5.649e-01  0.71870
0.58950  5.623e-01  0.71871
0.59000  5.596e-01  0.71872
0.59050  5.570e-01  0.71873
0.59100  5.544e-01  0.71874
0.59150  5.518e-01  0.71874
0.59200  5.492e-01  0.71875
0.59250  5.466e-01  0.71876
0.59300  5.441e-01  0.71877
0.59350  5.416e-01  0.71878
0.59400  5.390e-01  0.71879
0.59450  5.365e-01  0.71879
0.59500  5.340e-01  0.71880
0.59550  5.315e-01  0.71881
0.59600  5.290e-01  0.71882
0.59650  5.266e-01  0.71883
0.59700  5.241e-01  0.71883
0.59750  5.217e-01  0.71884
0.59800  5.193e-01  0.71885
0.59850  5.169e-01  0.71886
0.59900  5.145e-01  0.71886
0.59950  5.121e-01  0.71887
0.60000  5.097e-01  0.71888
0.60050  5.073e-01  0.71889
0.60100  5.050e-01  0.71889
0.60150  5.026e-01  0.71890
0.60200  5.003e-01  0.71891
0.60250  4.980e-01  0.71891
0.60300  4.957e-01  0.71892
0.60350  4.934e-01  0.71892
0.60400  4.911e-01  0.71893
0.60450  4.889e-01  0.71894
0.60500  4.866e-01  0.71894
0.60550  4.843e-01  0.71895
0.60600  4.821e-01  0.71896
0.60650  4.799e-01  0.71896
0.60700  4.777e-01  0.71897
0.60750  4.755e-01  0.71897
0.60800  4.733e-01  0.71898
0.60850  4.711e-01  0.71898
0.60900  4.690e-01  0.71899
0.60950  4.668e-01  0.71899
0.61000  4.647e-01  0.71900
0.61050  4.625e-01  0.71900
0.61100  4.604e-01  0.71901
0.61150  4.583e-01  0.71901
0.61200  4.562e-01  0.71902
0.61250  4.541e-01  0.71902
0.61300  4.520e-01  0.71903
0.61350  4.500e-01  0.71903
0.61400  4.479e-01  0.71904
0.61450  4.459e-01  0.71904
0.61500  4.438e-01  0.71904
0.61550  4.418e-01  0.71905
0.61600  4.398e-01  0.71905
0.61650  4.378e-01  0.71906
0.61700  4.358e-01  0.71906
0.61750  4.338e-01  0.71907
0.61800  4.318e-01  0.71907
0.61850  4.299e-01  0.71907
0.61900  4.279e-01  0.71908
0.61950  4.260e-01  0.71908
0.62000  4.240e-01  0.71909
0.62050  4.221e-01  0.71909
0.62100  4.202e-01  0.71909
0.62150  4.183e-01  0.71910
0.62200  4.164e-01  0.71910
0.62250  4.145e-01  0.71910
0.62300  4.126e-01  0.71911
0.62350  4.108e-01  0.71911
0.62400  4.089e-01  0.71911
0.62450  4.071e-01  0.71912
0.62500  4.052e-01  0.71912
0.62550  4.034e-01  0.71913
0.62600  4.016e-01  0.71913
0.62650  3.997e-01  0.71913
0.62700  3.979e-01  0.71914
0.62750  3.962e-01  0.71914
0.62800  3.944e-01  0.71915
0.62850  3.926e-01  0.71915
0.62900  3.908e-01  0.71916
0.62950  3.891e-01  0.71916
0.63000  3.873e-01  0.71917
0.63050  3.856e-01  0.71917
0.63100  3.839e-01  0.71918
0.63150  3.821e-01  0.71918
0.63200  3.804e-01  0.71919
0.63250  3.787e-01  0.71920
0.63300  3.770e-01  0.71920
0.63350  3.753e-01  0.71921
0.63400  3.736e-01  0.71922
0.63450  3.720e-01  0.71922
0.63500  3.703e-01  0.71923
0.63550  3.687e-01  0.71924
0.63600  3.670e-01  0.71925
0.63650  3.654e-01  0.71926
0.63700  3.637e-01  0.71927
0.63750  3.621e-01  0.71928
0.63800  3.605e-01  0.71929
0.63850  3.589e-01  0.71930
0.63900  3.573e-01  0.71931
0.63950  3.557e-01  0.71932
0.64000  3.541e-01  0.71934
0.64050  3.526e-01  0.71935
0.64100  3.510e-01  0.71936
0.64150  3.494e-01  0.71938
0.64200  3.479e-01  0.71939
0.64250  3.463e-01  0.71941
0.64300  3.448e-01  0.71943
0.64350  3.433e-01  0.71945
0.64400  3.418e-01  0.71947
0.64450  3.403e-01  0.71948
0.64500  3.387e-01  0.71951
0.64550  3.373e-01  0.71953
0.64600  3.358e-01  0.71955
0.64650  3.343e-01  0.71957
0.64700  3.328e-01  0.71960
0.64750  3.313e-01  0.71962
0.64800  3.299e-01  0.71965
0.64850  3.284e-01  0.71968
0.64900  3.270e-01  0.71971
0.64950  3.255e-01  0.71974
0.65000  3.241e-01  0.71977
0.65050  3.227e-01  0.71980
0.65100  3.213e-01  0.71984
0.65150  3.198e-01  0.71987
0.65200  3.184e-01  0.71991
0.65250  3.170e-01  0.71995
0.65300  3.157e-01  0.71999
0.65350  3.143e-01  0.72003
0.65400  3.129e-01  0.72007
0.65450  3.115e-01  0.72012
0.65500  3.102e-01  0.72016
0.65550  3.088e-01  0.72021
0.65600  3.074e-01  0.72026
0.65650  3.061e-01  0.72032
0.65700  3.048e-01  0.72037
0.65750  3.034e-01  0.72043
0.65800  3.021e-01  0.72048
0.65850  3.008e-01  0.72054
0.65900  2.995e-01  0.72061
0.65950  2.982e-01  0.72067
0.66000  2.969e-01  0.72074
0.66050  2.956e-01  0.72080
0.66100  2.943e-01  0.72087
0.66150  2.930e-01  0.72095
0.66200  2.917e-01  0.72102
0.66250  2.905e-01  0.72110
0.66300  2.892e-01  0.72118
0.66350  2.880e-01  0.72126
0.66400  2.867e-01  0.72135
0.66450  2.855e-01  0.72143
0.66500  2.842e-01  0.72153
0.66550  2.830e-01  0.72162
0.66600  2.818e-01  0.72171
0.66650  2.805e-01  0.72181
0.66700  2.793e-01  0.72191
0.66750  2.781e-01  0.72202
0.66800  2.769e-01  0.72212
0.66850  2.757e-01  0.72223
0.66900  2.745e-01  0.72234
0.66950  2.733e-01  0.72246
0.67000  2.722e-01  0.72257
0.67050  2.710e-01  0.72269
0.67100  2.698e-01  0.72282
0.67150  2.687e-01  0.72294
0.67200  2.675e-01  0.72307
0.67250  2.663e-01  0.72320
0.67300  2.652e-01  0.72334
0.67350  2.641e-01  0.72347
0.67400  2.629e-01  0.72361
0.67450  2.618e-01  0.72375
0.67500  2.607e-01  0.72390
0.67550  2.596e-01  0.72404
0.67600  2.584e-01  0.72419
0.67650  2.573e-01  0.72434
0.67700  2.562e-01  0.72450
0.67750  2.551e-01  0.72466
0.67800  2.540e-01  0.72481
0.67850  2.529e-01  0.72498
0.67900  2.519e-01  0.72514
0.67950  2.508e-01  0.72530
0.68000  2.497e-01  0.72547
0.68050  2.487e-01  0.72564
0.68100  2.476e-01  0.72581
0.68150  2.465e-01  0.72599
0.68200  2.455e-01  0.72617
0.68250  2.444e-01  0.72634
0.68300  2.434e-01  0.72652
0.68350  2.424e-01  0.72671
0.68400  2.413e-01  0.72689
0.68450  2.403e-01  0.72708
0.68500  2.393e-01  0.72727
0.68550  2.383e-01  0.72746
0.68600  2.373e-01  0.72765
0.68650  2.363e-01  0.72785
0.68700  2.353e-01  0.72804
0.68750  2.343e-01  0.72824
0.68800  2.333e-01  0.72844
0.68850  2.323e-01  0.72865
0.68900  2.313e-01  0.72885
0.68950  2.304e-01  0.72906
0.69000  2.294e-01  0.72927
0.69050  2.284e-01  0.72948
0.69100  2.275e-01  0.72969
0.69150  2.265e-01  0.72991
0.69200  2.256e-01  0.73012
0.69250  2.246e-01  0.73034
0.69300  2.237e-01  0.73056
0.69350  2.228e-01  0.73079
0.69400  2.218e-01  0.73101
0.69450  2.209e-01  0.73124
0.69500  2.200e-01  0.73147
0.69550  2.191e-01  0.73170
0.69600  2.182e-01  0.73193
0.69650  2.173e-01  0.73216
0.69700  2.164e-01  0.73240
0.69750  2.155e-01  0.73264
0.69800  2.146e-01  0.73288
0.69850  2.137e-01  0.73312
0.69900  2.128e-01  0.73337
0.69950  2.120e-01  0.73361
0.70000  2.111e-01  0.73386
0.70050  2.102e-01  0.73411
0.70100  2.094e-01  0.73437
0.70150  2.085e-01  0.73462
0.70200  2.077e-01  0.73488
0.70250  2.068e-01  0.73514
0.70300  2.060e-01  0.73540
0.70350  2.052e-01  0.73566
0.70400  2.043e-01  0.73593
0.70450  2.035e-01  0.73620
0.70500  2.027e-01  0.73647
0.70550  2.019e-01  0.73674
0.70600  2.011e-01  0.73702
0.70650  2.003e-01  0.73729
0.70700  1.995e-01  0.73757
0.70750  1.987e-01  0.73785
0.70800  1.979e-01  0.73813
0.70850  1.971e-01  0.73841
0.70900  1.964e-01  0.73870
0.70950  1.956e-01  0.73898
0.71000  1.948e-01  0.73927
0.71050  1.941e-01  0.73956
0.71100  1.933e-01  0.73985
0.71150  1.926e-01  0.74016
0.71200  1.918e-01  0.74039
0.71250  1.911e-01  0.74039
0.71300  1.904e-01  0.74039
0.71350  1.897e-01  0.74039
0.71400  1.890e-01  0.74039
0.71450  1.883e-01  0.74039
0.71500  1.876e-01  0.74039
0.71550  1.870e-01  0.74039
0.71600  1.863e-01  0.74039
0.71650  1.856e-01  0.74039
0.71700  1.849e-01  0.74039
0.71750  1.842e-01  0.74039
0.71800  1.835e-01  0.74039
0.71850  1.829e-01  0.74039
0.71900  1.822e-01  0.74039
0.71950  1.815e-01  0.74039
0.72000  1.808e-01  0.74039
0.72050  1.802e-01  0.74039
0.72100  1.795e-01  0.74039
0.72150  1.788e-01  0.74039
0.72200  1.782e-01  0.74039
0.72250  1.775e-01  0.74039
0.72300  1.768e-01  0.74039
0.72350  1.762e-01  0.74039
0.72400  1.755e-01  0.74039
0.72450  1.748e-01  0.74039
0.72500  1.742e-01  0.74039
0.72550  1.735e-01  0.74039
0.72600  1.729e-01  0.74039
0.72650  1.722e-01  0.74039
0.72700  1.716e-01  0.74039
0.72750  1.709e-01  0.74039
0.72800  1.703e-01  0.74039
0.72850  1.696e-01  0.74039
0.72900  1.690e-01  0.74039
0.72950  1.684e-01  0.74039
0.73000  1.677e-01  0.74039
0.73050  1.671e-01  0.74039
0.73100  1.664e-01  0.74039
0.73150  1.658e-01  0.74039
0.73200  1.652e-01  0.74039
0.73250  1.645e-01  0.74039
0.73300  1.639e-01  0.74039
0.73350  1.633e-01  0.74039
0.73400  1.626e-01  0.74039
0.73450  1.620e-01  0.74039
0.73500  1.614e-01  0.74039
0.73550  1.608e-01  0.74039
0.73600  1.602e-01  0.74039
0.73650  1.595e-01  0.74039
0.73700  1.589e-01  0.74039
0.73750  1.583e-01  0.74039
0.73800  1.577e-01  0.74039
0.73850  1.571e-01  0.74039
0.73900  1.565e-01  0.74039
0.73950  1.559e-01  0.74039
0.74000  1.552e-01  0.74039
0.74050  1.546e-01  0.74039
0.74100  1.540e-01  0.74039
0.74150  1.534e-01  0.74039
0.74200  1.528e-01  0.74039
0.74250  1.522e-01  0.74039
0.74300  1.516e-01  0.74039
0.74350  1.510e-01  0.74039
0.74400  1.504e-01  0.74039
0.74450  1.498e-01  0.74039
0.74500  1.492e-01  0.74039
0.74550  1.487e-01  0.74039
0.74600  1.481e-01  0.74039
0.74650  1.475e-01  0.74039
0.74700  1.469e-01  0.74039
0.74750  1.463e-01  0.74039
0.74800  1.457e-01  0.74039
0.74850  1.451e-01  0.74039
0.74900  1.446e-01  0.74039
0.74950  1.440e-01  0.74039
0.75000  1.434e-01  0.74039
0.75050  1.428e-01  0.74039
0.75100  1.423e-01  0.74039
0.75150  1.417e-01  0.74039
0.75200  1.411e-01  0.74039
0.75250  1.405e-01  0.74039
0.75300  1.400e-01  0.74039
0.75350  1.394e-01  0.74039
0.75400  1.388e-01  0.74039
0.75450  1.383e-01  0.74039
0.75500  1.377e-01  0.74039
0.75550  1.371e-01  0.74039
0.75600  1.366e-01  0.74039
0.75650  1.360e-01  0.74039
0.75700  1.355e-01  0.74039
0.75750  1.349e-01  0.74039
0.75800  1.344e-01  0.74039
0.75850  1.338e-01  0.74039
0.75900  1.333e-01  0.74039
0.75950  1.327e-01  0.74039
0.76000  1.322e-01  0.74039
0.76050  1.316e-01  0.74039
0.76100  1.311e-01  0.74039
0.76150  1.305e-01  0.74039
0.76200  1.300e-01  0.74039
0.76250  1.294e-01  0.74039
0.76300  1.289e-01  0.74039
0.76350  1.284e-01  0.74039
0.76400  1.278e-01  0.74039
0.76450  1.273e-01  0.74039
0.76500  1.268e-01  0.74039
0.76550  1.262e-01  0.74039
0.76600  1.257e-01  0.74039
0.76650  1.252e-01  0.74039
0.76700  1.246e-01  0.74039
0.76750  1.241e-01  0.74039
0.76800  1.236e-01  0.74039
0.76850  1.231e-01  0.74039
0.76900  1.225e-01  0.74039
0.76950  1.220e-01  0.74039
0.77000  1.215e-01  0.74039
0.77050  1.210e-01  0.74039
0.77100  1.205e-01  0.74039
0.77150  1.199e-01  0.74039
0.77200  1.194e-01  0.74039
0.77250  1.189e-01  0.74039
0.77300  1.184e-01  0.74039
0.77350  1.179e-01  0.74039
0.77400  1.174e-01  0.74039
0.77450  1.169e-01  0.74039
0.77500  1.164e-01  0.74039
0.77550  1.159e-01  0.74039
0.77600  1.154e-01  0.74039
0.77650  1.149e-01  0.74039
0.77700  1.144e-01  0.74039
0.77750  1.139e-01  0.74039
0.77800  1.134e-01  0.74039
0.77850  1.129e-01  0.74039
0.77900  1.124e-01  0.74039
0.77950  1.119e-01  0.74039
0.78000  1.114e-01  0.74039
0.78050  1.109e-01  0.74039
0.78100  1.104e-01  0.74039
0.78150  1.099e-01  0.74039
0.78200  1.094e-01  0.74039
0.78250  1.089e-01  0.74039
0.78300  1.084e-01  0.74039
0.78350  1.080e-01  0.74039
0.78400  1.075e-01  0.74039
0.78450  1.070e-01  0.74039
0.78500  1.065e-01  0.74039
0.78550  1.060e-01  0.74039
0.78600  1.056e-01  0.74039
0.78650  1.051e-01  0.74039
0.78700  1.046e-01  0.74039
0.78750  1.041e-01  0.74039
0.78800  1.037e-01  0.74039
0.78850  1.032e-01  0.74039
0.78900  1.027e-01  0.74039
0.78950  1.023e-01  0.74039
0.79000  1.018e-01  0.74039
0.79050  1.013e-01  0.74039
0.79100  1.009e-01  0.74039
0.79150  1.004e-01  0.74039
0.79200  9.994e-02  0.74039
0.79250  9.948e-02  0.74039
0.79300  9.902e-02  0.74039
0.79350  9.856e-02  0.74039
0.79400  9.811e-02  0.74039
0.79450  9.765e-02  0.74039
0.79500  9.720e-02  0.74039
0.79550  9.674e-02  0.74039
0.79600  9.629e-02  0.74039
0.79650  9.584e-02  0.74039
0.79700  9.539e-02  0.74039
0.79750  9.494e-02  0.74039
0.79800  9.450e-02  0.74039
0.79850  9.405e-02  0.74039
0.79900  9.361e-02  0.74039
0.79950  9.317e-02  0.74039
0.80000  9.272e-02  0.74039
0.80050  9.228e-02  0.74039
0.80100  9.184e-02  0.74039
0.80150  9.141e-02  0.74039
0.80200  9.097e-02  0.74039
0.80250  9.053e-02  0.74039
0.80300  9.010e-02  0.74039
0.80350  8.967e-02  0.74039
0.80400  8.923e-02  0.74039
0.80450  8.880e-02  0.74039
0.80500  8.837e-02  0.74039
0.80550  8.794e-02  0.74039
0.80600  8.752e-02  0.74039
0.80650  8.709e-02  0.74039
0.80700  8.667e-02  0.74039
0.80750  8.624e-02  0.74039
0.80800  8.582e-02  0.74039
0.80850  8.540e-02  0.74039
0.80900  8.498e-02  0.74039
0.80950  8.456e-02  0.74039
0.81000  8.414e-02  0.74039
0.81050  8.372e-02  0.74039
0.81100  8.331e-02  0.74039
0.81150  8.290e-02  0.74039
0.81200  8.248e-02  0.74039
0.81250  8.207e-02  0.74039
0.81300  8.166e-02  0.74039
0.81350  8.125e-02  0.74039
0.81400  8.084e-02  0.74039
0.81450  8.044e-02  0.74039
0.81500  8.003e-02  0.74039
0.81550  7.962e-02  0.74039
0.81600  7.922e-02  0.74039
0.81650  7.882e-02  0.74039
0.81700  7.842e-02  0.74039
0.81750  7.802e-02  0.74039
0.81800  7.762e-02  0.74039
0.81850  7.722e-02  0.74039
0.81900  7.682e-02  0.74039
0.81950  7.643e-02  0.74039
0.82000  7.603e-02  0.74039
0.82050  7.564e-02  0.74039
0.82100  7.525e-02  0.74039
0.82150  7.486e-02  0.74039
0.82200  7.447e-02  0.74039
0.82250  7.408e-02  0.74039
0.82300  7.369e-02  0.74039
0.82350  7.331e-02  0.74039
0.82400  7.292e-02  0.74039
0.82450  7.253e-02  0.74039
0.82500  7.215e-02  0.74039
0.82550  7.177e-02  0.74039
0.82600  7.139e-02  0.74039
0.82650  7.101e-02  0.74039
0.82700  7.063e-02  0.74039
0.82750  7.025e-02  0.74039
0.82800  6.988e-02  0.74039
0.82850  6.950e-02  0.74039
0.82900  6.913e-02  0.74039
0.82950  6.875e-02  0.74039
0.83000  6.838e-02  0.74039
0.83050  6.801e-02  0.74039
0.83100  6.764e-02  0.74039
0.83150  6.728e-02  0.74039
0.83200  6.691e-02  0.74039
0.83250  6.654e-02  0.74039
0.83300  6.617e-02  0.74039
0.83350  6.581e-02  0.74039
0.83400  6.545e-02  0.74039
0.83450  6.509e-02  0.74039
0.83500  6.473e-02  0.74039
0.83550  6.437e-02  0.74039
0.83600  6.401e-02  0.74039
0.83650  6.365e-02  0.74039
0.83700  6.329e-02  0.74039
0.83750  6.294e-02  0.74039
0.83800  6.258e-02  0.74039
0.83850  6.223e-02  0.74039
0.83900  6.188e-02  0.74039
0.83950  6.153e-02  0.74039
0.84000  6.118e-02  0.74039
0.84050  6.083e-02  0.74039
0.84100  6.048e-02  0.74039
0.84150  6.013e-02  0.74039
0.84200  5.979e-02  0.74039
0.84250  5.944e-02  0.74039
0.84300  5.910e-02  0.74039
0.84350  5.876e-02  0.74039
0.84400  5.841e-02  0.74039
0.84450  5.807e-02  0.74039
0.84500  5.774e-02  0.74039
0.84550  5.740e-02  0.74039
0.84600  5.706e-02  0.74039
0.84650  5.672e-02  0.74039
0.84700  5.639e-02  0.74039
0.84750  5.605e-02  0.74039
0.84800  5.572e-02  0.74039
0.84850  5.539e-02  0.74039
0.84900  5.506e-02  0.74039
0.84950  5.473e-02  0.74039
0.85000  5.440e-02  0.74039
0.85050  5.407e-02  0.74039
0.85100  5.374e-02  0.74039
0.85150  5.342e-02  0.74039
0.85200  5.309e-02  0.74039
0.85250  5.277e-02  0.74039
0.85300  5.244e-02  0.74039
0.85350  5.212e-02  0.74039
0.85400  5.180e-02  0.74039
0.85450  5.148e-02  0.74039
0.85500  5.116e-02  0.74039
0.85550  5.085e-02  0.74039
0.85600  5.053e-02  0.74039
0.85650  5.022e-02  0.74039
0.85700  4.990e-02  0.74039
0.85750  4.959e-02  0.74039
0.85800  4.927e-02  0.74039
0.85850  4.896e-02  0.74039
0.85900  4.865e-02  0.74039
0.85950  4.834e-02  0.74039
0.86000  4.803e-02  0.74039
0.86050  4.773e-02  0.74039
0.86100  4.742e-02  0.74039
0.86150  4.712e-02  0.74039
0.86200  4.681e-02  0.74039
0.86250  4.651e-02  0.74039
0.86300  4.620e-02  0.74039
0.86350  4.590e-02  0.74039
0.86400  4.560e-02  0.74039
0.86450  4.530e-02  0.74039
0.86500  4.500e-02  0.74039
0.86550  4.471e-02  0.74039
0.86600  4.441e-02  0.74039
0.86650  4.411e-02  0.74039
0.86700  4.382e-02  0.74039
0.86750  4.353e-02  0.74039
0.86800  4.324e-02  0.74039
0.86850  4.294e-02  0.74039
0.86900  4.265e-02  0.74039
0.86950  4.236e-02  0.74039
0.87000  4.208e-02  0.74039
0.87050  4.179e-02  0.74039
0.87100  4.150e-02  0.74039
0.87150  4.122e-02  0.74039
0.87200  4.093e-02  0.74039
0.87250  4.065e-02  0.74039
0.87300  4.036e-02  0.74039
0.87350  4.008e-02  0.74039
0.87400  3.980e-02  0.74039
0.87450  3.952e-02  0.74039
0.87500  3.924e-02  0.74039
0.87550  3.896e-02  0.74039
0.87600  3.869e-02  0.74039
0.87650  3.841e-02  0.74039
0.87700  3.814e-02  0.74039
0.87750  3.786e-02  0.74039
0.87800  3.759e-02  0.74039
0.87850  3.732e-02  0.74039
0.87900  3.705e-02  0.74039
0.87950  3.678e-02  0.74039
0.88000  3.651e-02  0.74039
0.88050  3.624e-02  0.74039
0.88100  3.597e-02  0.74039
0.88150  3.571e-02  0.74039
0.88200  3.544e-02  0.74039
0.88250  3.518e-02  0.74039
0.88300  3.491e-02  0.74039
0.88350  3.465e-02  0.74039
0.88400  3.439e-02  0.74039
0.88450  3.413e-02  0.74039
0.88500  3.387e-02  0.74039
0.88550  3.361e-02  0.74039
0.88600  3.335e-02  0.74039
0.88650  3.309e-02  0.74039
0.88700  3.284e-02  0.74039
0.88750  3.258e-02  0.74039
0.88800  3.233e-02  0.74039
0.88850  3.208e-02  0.74039
0.88900  3.182e-02  0.74039
0.88950  3.157e-02  0.74039
0.89000  3.132e-02  0.74039
0.89050  3.107e-02  0.74039
0.89100  3.083e-02  0.74039
0.89150  3.058e-02  0.74039
0.89200  3.033e-02  0.74039
0.89250  3.009e-02  0.74039
0.89300  2.984e-02  0.74039
0.89350  2.960e-02  0.74039
0.89400  2.936e-02  0.74039
0.89450  2.911e-02  0.74039
0.89500  2.887e-02  0.74039
0.89550  2.863e-02  0.74039
0.89600  2.839e-02  0.74039
0.89650  2.816e-02  0.74039
0.89700  2.792e-02  0.74039
0.89750  2.768e-02  0.74039
0.89800  2.745e-02  0.74039
0.89850  2.721e-02  0.74039
0.89900  2.698e-02  0.74039
0.89950  2.675e-02  0.74039
0.90000  2.652e-02  0.74039
0.90050  2.628e-02  0.74039
0.90100  2.606e-02  0.74039
0.90150  2.583e-02  0.74039
0.90200  2.560e-02  0.74039
0.90250  2.537e-02  0.74039
0.90300  2.515e-02  0.74039
0.90350  2.492e-02  0.74039
0.90400  2.470e-02  0.74039
0.90450  2.447e-02  0.74039
0.90500  2.425e-02  0.74039
0.90550  2.403e-02  0.74039
0.90600  2.381e-02  0.74039
0.90650  2.359e-02  0.74039
0.90700  2.337e-02  0.74039
0.90750  2.315e-02  0.74039
0.90800  2.294e-02  0.74039
0.90850  2.272e-02  0.74039
0.90900  2.250e-02  0.74039
0.90950  2.229e-02  0.74039
0.91000  2.208e-02  0.74039
0.91050  2.186e-02  0.74039
0.91100  2.165e-02  0.74039
0.91150  2.144e-02  0.74039
0.91200  2.123e-02  0.74039
0.91250  2.103e-02  0.74039
0.91300  2.082e-02  0.74039
0.91350  2.061e-02  0.74039
0.91400  2.040e-02  0.74039
0.91450  2.020e-02  0.74039
0.91500  1.999e-02  0.74039
0.91550  1.979e-02  0.74039
0.91600  1.959e-02  0.74039
0.91650  1.939e-02  0.74039
0.91700  1.919e-02  0.74039
0.91750  1.899e-02  0.74039
0.91800  1.879e-02  0.74039
0.91850  1.859e-02  0.74039
0.91900  1.839e-02  0.74039
0.91950  1.820e-02  0.74039
0.92000  1.800e-02  0.74039
0.92050  1.781e-02  0.74039
0.92100  1.762e-02  0.74039
0.92150  1.742e-02  0.74039
0.92200  1.723e-02  0.74039
0.92250  1.704e-02  0.74039
0.92300  1.685e-02  0.74039
0.92350  1.666e-02  0.74039
0.92400  1.648e-02  0.74039
0.92450  1.629e-02  0.74039
0.92500  1.610e-02  0.74039
0.92550  1.592e-02  0.74039
0.92600  1.573e-02  0.74039
0.92650  1.555e-02  0.74039
0.92700  1.537e-02  0.74039
0.92750  1.519e-02  0.74039
0.92800  1.501e-02  0.74039
0.92850  1.483e-02  0.74039
0.92900  1.465e-02  0.74039
0.92950  1.447e-02  0.74039
0.93000  1.429e-02  0.74039
0.93050  1.412e-02  0.74039
0.93100  1.394e-02  0.74039
0.93150  1.377e-02  0.74039
0.93200  1.359e-02  0.74039
0.93250  1.342e-02  0.74039
0.93300  1.325e-02  0.74039
0.93350  1.308e-02  0.74039
0.93400  1.291e-02  0.74039
0.93450  1.274e-02  0.74039
0.93500  1.257e-02  0.74039
0.93550  1.241e-02  0.74039
0.93600  1.224e-02  0.74039
0.93650  1.208e-02  0.74039
0.93700  1.191e-02  0.74039
0.93750  1.175e-02  0.74039
0.93800  1.159e-02  0.74039
0.93850  1.143e-02  0.74039
0.93900  1.127e-02  0.74039
0.93950  1.111e-02  0.74039
0.94000  1.095e-02  0.74039
0.94050  1.079e-02  0.74039
0.94100  1.063e-02  0.74039
0.94150  1.048e-02  0.74039
0.94200  1.032e-02  0.74039
0.94250  1.017e-02  0.74039
0.94300  1.001e-02  0.74039
0.94350  9.863e-03  0.74039
0.94400  9.711e-03  0.74039
0.94450  9.561e-03  0.74039
0.94500  9.412e-03  0.74039
0.94550  9.263e-03  0.74039
0.94600  9.116e-03  0.74039
0.94650  8.969e-03  0.74039
0.94700  8.823e-03  0.74039
0.94750  8.679e-03  0.74039
0.94800  8.535e-03  0.74039
0.94850  8.392e-03  0.74039
0.94900  8.251e-03  0.74039
0.94950  8.110e-03  0.74039
0.95000  7.970e-03  0.74039
0.95050  7.831e-03  0.74039
0.95100  7.693e-03  0.74039
0.95150  7.555e-03  0.74039
0.95200  7.419e-03  0.74039
0.95250  7.284e-03  0.74039
0.95300  7.150e-03  0.74039
0.95350  7.017e-03  0.74039
0.95400  6.884e-03  0.74039
0.95450  6.753e-03  0.74039
0.95500  6.622e-03  0.74039
0.95550  6.493e-03  0.74039
0.95600  6.365e-03  0.74039
0.95650  6.237e-03  0.74039
0.95700  6.110e-03  0.74039
0.95750  5.985e-03  0.74039
0.95800  5.860e-03  0.74039
0.95850  5.737e-03  0.74039
0.95900  5.614e-03  0.74039
0.95950  5.493e-03  0.74039
0.96000  5.372e-03  0.74039
0.96050  5.253e-03  0.74039
0.96100  5.134e-03  0.74039
0.96150  5.016e-03  0.74039
0.96200  4.900e-03  0.74039
0.96250  4.784e-03  0.74039
0.96300  4.670e-03  0.74039
0.96350  4.556e-03  0.74039
0.96400  4.444e-03  0.74039
0.96450  4.332e-03  0.74039
0.96500  4.222e-03  0.74039
0.96550  4.112e-03  0.74039
0.96600  4.004e-03  0.74039
0.96650  3.897e-03  0.74039
0.96700  3.790e-03  0.74039
0.96750  3.685e-03  0.74039
0.96800  3.581e-03  0.74039
0.96850  3.478e-03  0.74039
0.96900  3.376e-03  0.74039
0.96950  3.275e-03  0.74039
0.97000  3.175e-03  0.74039
0.97050  3.077e-03  0.74039
0.97100  2.979e-03  0.74039
0.97150  2.883e-03  0.74039
0.97200  2.788e-03  0.74039
0.97250  2.694e-03  0.74039
0.97300  2.601e-03  0.74039
0.97350  2.509e-03  0.74039
0.97400  2.419e-03  0.74039
0.97450  2.330e-03  0.74039
0.97500  2.242e-03  0.74039
0.97550  2.155e-03  0.74039
0.97600  2.070e-03  0.74039
0.97650  1.986e-03  0.74039
0.97700  1.903e-03  0.74039
0.97750  1.822e-03  0.74039
0.97800  1.743e-03  0.74039
0.97850  1.664e-03  0.74039
0.97900  1.588e-03  0.74039
0.97950  1.513e-03  0.74039
0.98000  1.439e-03  0.74039
0.98050  1.367e-03  0.74039
0.98100  1.297e-03  0.74039
0.98150  1.229e-03  0.74039
0.98200  1.162e-03  0.74039
0.98250  1.097e-03  0.74039
0.98300  1.034e-03  0.74039
0.98350  9.723e-04  0.74039
0.98400  9.125e-04  0.74039
0.98450  8.544e-04  0.74039
0.98500  7.980e-04  0.74039
0.98550  7.433e-04  0.74039
0.98600  6.901e-04  0.74039
0.98650  6.385e-04  0.74039
0.98700  5.884e-04  0.74039
0.98750  5.399e-04  0.74039
0.98800  4.928e-04  0.74039
0.98850  4.472e-04  0.74039
0.98900  4.033e-04  0.74039
0.98950  3.610e-04  0.74039
0.99000  3.205e-04  0.74039
0.99050  2.819e-04  0.74039
0.99100  2.455e-04  0.74039
0.99150  2.113e-04  0.74039
0.99200  1.796e-04  0.74039
0.99250  1.506e-04  0.74039
0.99300  1.243e-04  0.74039
0.99350  1.008e-04  0.74039
0.99400  8.018e-05  0.74039
0.99450  6.236e-05  0.74039
0.99500  4.728e-05  0.74039
0.99550  3.478e-05  0.74039
0.99600  2.475e-05  0.74039
0.99650  1.693e-05  0.74039
0.99700  1.106e-05  0.74039
0.99750  6.860e-06  0.74039
0.99800  3.992e-06  0.74039
0.99850  2.150e-06  0.74039
0.99900  1.050e-06  0.74039
0.99950  4.524e-07  0.74039
1.00000  1.641e-07  0.74039
