# Magnus solar model B16-AGSS09met
#
# Reference:  N. Vinyoles, A. M. Serenelli, F. L. Villante, S. Basu, J. Bergström, M. C. Gonzalez-Garcia, M. Maltoni, C. Peña-Garay and N. Song, "A new generation of standard solar models", ApJ 835, 202 (2017), doi:10.3847/1538-4357/835/2/202, arXiv:1611.09867
# Source:     https://web.archive.org/web/20220701141642/https://www.ice.csic.es/personal/aldos/Solar_Data_files/struct_b16_agss09.dat
# Original:   struct_b16_agss09.dat
# Retrieved:  2022-07-01 capture, from http://www.ice.csic.es/personal/aldos/Solar_Data.html (offline since at least 2026; the Internet Archive holds it)
# SHA-256:    bd1add510bfe32f120ab6d858e25a0bbabfae11839bad0ce53d0da5b71ee7d2c (of struct_b16_agss09.dat)
# Terms:      No terms stated on the authors' page; cite Vinyoles et al. (2017).
# Modified:   columns extracted only -- radius [R_sun], rho_g_per_cm3, hydrogen mass fraction X --
#             each value copied from the original as written; nothing recomputed or rounded.
#             Built by tools/build_solar_model_tables.py.
# density_column: rho_g_per_cm3
#
# The original header follows, as the authors wrote it:
#
#   # B16: A new Generation of Standard Solar Models
#   # arxiv:1611.09867
#   #
#   # Structure and detailed composition of the AGSS09met model
#   # Mass, radius and luminosity are normalized
#   # T, rho, P in cgs
#   # Abundances in mass fraction
#   #
#   #  Mass     Radius     Temp      Rho       Pres       Lumi      H1       He4      He3       C12       C13       N14        N15      O16       O17       O18        Ne        Na       Mg         Al        Si         P       S         Cl        Ar        K         Ca        Sc         Ti        V         Cr        Mn        Fe        Co        Ni
#
# r_over_r_sun  rho_g_per_cm3  x_hydrogen
0.00050  1.489e+02  0.36230
0.00100  1.489e+02  0.36232
0.00150  1.489e+02  0.36235
0.00200  1.489e+02  0.36239
0.00250  1.488e+02  0.36245
0.00300  1.488e+02  0.36252
0.00350  1.488e+02  0.36261
0.00400  1.487e+02  0.36272
0.00450  1.487e+02  0.36284
0.00500  1.486e+02  0.36298
0.00550  1.486e+02  0.36313
0.00600  1.485e+02  0.36330
0.00650  1.485e+02  0.36348
0.00700  1.484e+02  0.36368
0.00750  1.483e+02  0.36388
0.00800  1.482e+02  0.36411
0.00850  1.481e+02  0.36435
0.00900  1.480e+02  0.36460
0.00950  1.479e+02  0.36487
0.01000  1.478e+02  0.36515
0.01050  1.477e+02  0.36545
0.01100  1.476e+02  0.36576
0.01150  1.475e+02  0.36608
0.01200  1.473e+02  0.36642
0.01250  1.472e+02  0.36677
0.01300  1.471e+02  0.36714
0.01350  1.469e+02  0.36752
0.01400  1.468e+02  0.36791
0.01450  1.466e+02  0.36832
0.01500  1.465e+02  0.36874
0.01550  1.463e+02  0.36918
0.01600  1.462e+02  0.36962
0.01650  1.460e+02  0.37009
0.01700  1.458e+02  0.37056
0.01750  1.456e+02  0.37105
0.01800  1.454e+02  0.37156
0.01850  1.452e+02  0.37207
0.01900  1.450e+02  0.37260
0.01950  1.448e+02  0.37314
0.02000  1.446e+02  0.37370
0.02050  1.444e+02  0.37427
0.02100  1.442e+02  0.37485
0.02150  1.440e+02  0.37545
0.02200  1.438e+02  0.37605
0.02250  1.436e+02  0.37667
0.02300  1.433e+02  0.37731
0.02350  1.431e+02  0.37795
0.02400  1.428e+02  0.37861
0.02450  1.426e+02  0.37928
0.02500  1.424e+02  0.37996
0.02550  1.421e+02  0.38066
0.02600  1.418e+02  0.38136
0.02650  1.416e+02  0.38208
0.02700  1.413e+02  0.38281
0.02750  1.410e+02  0.38356
0.02800  1.408e+02  0.38431
0.02850  1.405e+02  0.38508
0.02900  1.402e+02  0.38585
0.02950  1.399e+02  0.38664
0.03000  1.397e+02  0.38744
0.03050  1.394e+02  0.38825
0.03100  1.391e+02  0.38908
0.03150  1.388e+02  0.38991
0.03200  1.385e+02  0.39075
0.03250  1.382e+02  0.39161
0.03300  1.379e+02  0.39247
0.03350  1.376e+02  0.39335
0.03400  1.372e+02  0.39424
0.03450  1.369e+02  0.39513
0.03500  1.366e+02  0.39604
0.03550  1.363e+02  0.39696
0.03600  1.360e+02  0.39789
0.03650  1.356e+02  0.39882
0.03700  1.353e+02  0.39977
0.03750  1.350e+02  0.40073
0.03800  1.346e+02  0.40169
0.03850  1.343e+02  0.40267
0.03900  1.339e+02  0.40365
0.03950  1.336e+02  0.40465
0.04000  1.332e+02  0.40565
0.04050  1.329e+02  0.40666
0.04100  1.325e+02  0.40768
0.04150  1.322e+02  0.40871
0.04200  1.318e+02  0.40975
0.04250  1.315e+02  0.41079
0.04300  1.311e+02  0.41185
0.04350  1.307e+02  0.41291
0.04400  1.304e+02  0.41398
0.04450  1.300e+02  0.41506
0.04500  1.296e+02  0.41614
0.04550  1.293e+02  0.41724
0.04600  1.289e+02  0.41834
0.04650  1.285e+02  0.41945
0.04700  1.281e+02  0.42056
0.04750  1.278e+02  0.42168
0.04800  1.274e+02  0.42281
0.04850  1.270e+02  0.42395
0.04900  1.266e+02  0.42509
0.04950  1.262e+02  0.42624
0.05000  1.258e+02  0.42740
0.05050  1.255e+02  0.42856
0.05100  1.251e+02  0.42973
0.05150  1.247e+02  0.43090
0.05200  1.243e+02  0.43208
0.05250  1.239e+02  0.43327
0.05300  1.235e+02  0.43446
0.05350  1.231e+02  0.43566
0.05400  1.227e+02  0.43686
0.05450  1.223e+02  0.43807
0.05500  1.219e+02  0.43928
0.05550  1.215e+02  0.44050
0.05600  1.211e+02  0.44173
0.05650  1.207e+02  0.44295
0.05700  1.203e+02  0.44419
0.05750  1.199e+02  0.44542
0.05800  1.195e+02  0.44667
0.05850  1.191e+02  0.44791
0.05900  1.187e+02  0.44916
0.05950  1.183e+02  0.45042
0.06000  1.179e+02  0.45167
0.06050  1.175e+02  0.45293
0.06100  1.171e+02  0.45420
0.06150  1.167e+02  0.45547
0.06200  1.163e+02  0.45674
0.06250  1.159e+02  0.45802
0.06300  1.155e+02  0.45930
0.06350  1.151e+02  0.46058
0.06400  1.147e+02  0.46186
0.06450  1.142e+02  0.46315
0.06500  1.138e+02  0.46444
0.06550  1.134e+02  0.46573
0.06600  1.130e+02  0.46703
0.06650  1.126e+02  0.46833
0.06700  1.122e+02  0.46963
0.06750  1.118e+02  0.47093
0.06800  1.114e+02  0.47223
0.06850  1.110e+02  0.47354
0.06900  1.106e+02  0.47485
0.06950  1.102e+02  0.47616
0.07000  1.098e+02  0.47747
0.07050  1.094e+02  0.47878
0.07100  1.090e+02  0.48010
0.07150  1.086e+02  0.48141
0.07200  1.081e+02  0.48273
0.07250  1.077e+02  0.48404
0.07300  1.073e+02  0.48536
0.07350  1.069e+02  0.48668
0.07400  1.065e+02  0.48800
0.07450  1.061e+02  0.48932
0.07500  1.057e+02  0.49064
0.07550  1.053e+02  0.49196
0.07600  1.049e+02  0.49328
0.07650  1.045e+02  0.49460
0.07700  1.041e+02  0.49592
0.07750  1.037e+02  0.49724
0.07800  1.033e+02  0.49856
0.07850  1.029e+02  0.49988
0.07900  1.025e+02  0.50120
0.07950  1.021e+02  0.50252
0.08000  1.017e+02  0.50384
0.08050  1.013e+02  0.50516
0.08100  1.009e+02  0.50647
0.08150  1.005e+02  0.50779
0.08200  1.001e+02  0.50910
0.08250  9.974e+01  0.51041
0.08300  9.934e+01  0.51173
0.08350  9.895e+01  0.51304
0.08400  9.856e+01  0.51435
0.08450  9.817e+01  0.51565
0.08500  9.778e+01  0.51696
0.08550  9.739e+01  0.51826
0.08600  9.700e+01  0.51957
0.08650  9.661e+01  0.52087
0.08700  9.623e+01  0.52216
0.08750  9.584e+01  0.52346
0.08800  9.546e+01  0.52476
0.08850  9.507e+01  0.52605
0.08900  9.469e+01  0.52734
0.08950  9.431e+01  0.52862
0.09000  9.393e+01  0.52991
0.09050  9.355e+01  0.53119
0.09100  9.317e+01  0.53247
0.09150  9.279e+01  0.53374
0.09200  9.241e+01  0.53502
0.09250  9.204e+01  0.53629
0.09300  9.166e+01  0.53756
0.09350  9.129e+01  0.53882
0.09400  9.091e+01  0.54008
0.09450  9.054e+01  0.54134
0.09500  9.017e+01  0.54259
0.09550  8.980e+01  0.54385
0.09600  8.943e+01  0.54509
0.09650  8.907e+01  0.54634
0.09700  8.870e+01  0.54758
0.09750  8.833e+01  0.54882
0.09800  8.797e+01  0.55005
0.09850  8.761e+01  0.55128
0.09900  8.724e+01  0.55251
0.09950  8.688e+01  0.55373
0.10000  8.652e+01  0.55495
0.10050  8.616e+01  0.55617
0.10100  8.581e+01  0.55738
0.10150  8.545e+01  0.55859
0.10200  8.509e+01  0.55979
0.10250  8.474e+01  0.56099
0.10300  8.439e+01  0.56218
0.10350  8.403e+01  0.56337
0.10400  8.368e+01  0.56456
0.10450  8.333e+01  0.56574
0.10500  8.298e+01  0.56692
0.10550  8.264e+01  0.56809
0.10600  8.229e+01  0.56926
0.10650  8.194e+01  0.57042
0.10700  8.160e+01  0.57158
0.10750  8.126e+01  0.57274
0.10800  8.091e+01  0.57389
0.10850  8.057e+01  0.57504
0.10900  8.023e+01  0.57618
0.10950  7.989e+01  0.57731
0.11000  7.956e+01  0.57845
0.11050  7.922e+01  0.57957
0.11100  7.889e+01  0.58069
0.11150  7.855e+01  0.58181
0.11200  7.822e+01  0.58292
0.11250  7.789e+01  0.58403
0.11300  7.756e+01  0.58513
0.11350  7.723e+01  0.58623
0.11400  7.690e+01  0.58732
0.11450  7.657e+01  0.58841
0.11500  7.625e+01  0.58949
0.11550  7.592e+01  0.59057
0.11600  7.560e+01  0.59164
0.11650  7.527e+01  0.59271
0.11700  7.495e+01  0.59377
0.11750  7.463e+01  0.59483
0.11800  7.431e+01  0.59588
0.11850  7.399e+01  0.59692
0.11900  7.368e+01  0.59796
0.11950  7.336e+01  0.59900
0.12000  7.305e+01  0.60003
0.12050  7.273e+01  0.60105
0.12100  7.242e+01  0.60207
0.12150  7.211e+01  0.60309
0.12200  7.180e+01  0.60409
0.12250  7.149e+01  0.60510
0.12300  7.118e+01  0.60609
0.12350  7.088e+01  0.60709
0.12400  7.057e+01  0.60807
0.12450  7.026e+01  0.60905
0.12500  6.996e+01  0.61003
0.12550  6.966e+01  0.61100
0.12600  6.936e+01  0.61196
0.12650  6.906e+01  0.61292
0.12700  6.876e+01  0.61387
0.12750  6.846e+01  0.61482
0.12800  6.816e+01  0.61576
0.12850  6.787e+01  0.61670
0.12900  6.757e+01  0.61763
0.12950  6.728e+01  0.61856
0.13000  6.698e+01  0.61948
0.13050  6.669e+01  0.62039
0.13100  6.640e+01  0.62130
0.13150  6.611e+01  0.62220
0.13200  6.582e+01  0.62310
0.13250  6.554e+01  0.62399
0.13300  6.525e+01  0.62488
0.13350  6.497e+01  0.62576
0.13400  6.468e+01  0.62663
0.13450  6.440e+01  0.62750
0.13500  6.412e+01  0.62837
0.13550  6.384e+01  0.62923
0.13600  6.356e+01  0.63008
0.13650  6.328e+01  0.63093
0.13700  6.300e+01  0.63177
0.13750  6.272e+01  0.63261
0.13800  6.245e+01  0.63344
0.13850  6.217e+01  0.63426
0.13900  6.190e+01  0.63508
0.13950  6.163e+01  0.63590
0.14000  6.135e+01  0.63670
0.14050  6.108e+01  0.63751
0.14100  6.081e+01  0.63831
0.14150  6.055e+01  0.63910
0.14200  6.028e+01  0.63989
0.14250  6.001e+01  0.64067
0.14300  5.975e+01  0.64145
0.14350  5.948e+01  0.64222
0.14400  5.922e+01  0.64298
0.14450  5.895e+01  0.64374
0.14500  5.869e+01  0.64450
0.14550  5.843e+01  0.64525
0.14600  5.817e+01  0.64599
0.14650  5.791e+01  0.64673
0.14700  5.766e+01  0.64747
0.14750  5.740e+01  0.64820
0.14800  5.714e+01  0.64892
0.14850  5.689e+01  0.64964
0.14900  5.663e+01  0.65035
0.14950  5.638e+01  0.65106
0.15000  5.613e+01  0.65176
0.15050  5.588e+01  0.65246
0.15100  5.563e+01  0.65316
0.15150  5.538e+01  0.65384
0.15200  5.513e+01  0.65453
0.15250  5.488e+01  0.65520
0.15300  5.463e+01  0.65588
0.15350  5.439e+01  0.65655
0.15400  5.414e+01  0.65721
0.15450  5.390e+01  0.65786
0.15500  5.366e+01  0.65852
0.15550  5.341e+01  0.65917
0.15600  5.317e+01  0.65981
0.15650  5.293e+01  0.66045
0.15700  5.269e+01  0.66108
0.15750  5.246e+01  0.66171
0.15800  5.222e+01  0.66233
0.15850  5.198e+01  0.66295
0.15900  5.175e+01  0.66356
0.15950  5.151e+01  0.66417
0.16000  5.128e+01  0.66477
0.16050  5.104e+01  0.66537
0.16100  5.081e+01  0.66596
0.16150  5.058e+01  0.66655
0.16200  5.035e+01  0.66714
0.16250  5.012e+01  0.66771
0.16300  4.989e+01  0.66829
0.16350  4.966e+01  0.66886
0.16400  4.943e+01  0.66942
0.16450  4.921e+01  0.66998
0.16500  4.898e+01  0.67054
0.16550  4.876e+01  0.67109
0.16600  4.853e+01  0.67163
0.16650  4.831e+01  0.67217
0.16700  4.809e+01  0.67271
0.16750  4.787e+01  0.67324
0.16800  4.765e+01  0.67377
0.16850  4.743e+01  0.67429
0.16900  4.721e+01  0.67481
0.16950  4.699e+01  0.67532
0.17000  4.677e+01  0.67583
0.17050  4.656e+01  0.67633
0.17100  4.634e+01  0.67683
0.17150  4.613e+01  0.67733
0.17200  4.591e+01  0.67782
0.17250  4.570e+01  0.67831
0.17300  4.549e+01  0.67879
0.17350  4.527e+01  0.67927
0.17400  4.506e+01  0.67974
0.17450  4.485e+01  0.68021
0.17500  4.464e+01  0.68067
0.17550  4.444e+01  0.68113
0.17600  4.423e+01  0.68159
0.17650  4.402e+01  0.68204
0.17700  4.382e+01  0.68249
0.17750  4.361e+01  0.68293
0.17800  4.341e+01  0.68337
0.17850  4.320e+01  0.68380
0.17900  4.300e+01  0.68423
0.17950  4.280e+01  0.68466
0.18000  4.260e+01  0.68508
0.18050  4.240e+01  0.68550
0.18100  4.220e+01  0.68592
0.18150  4.200e+01  0.68633
0.18200  4.180e+01  0.68673
0.18250  4.160e+01  0.68714
0.18300  4.140e+01  0.68754
0.18350  4.121e+01  0.68793
0.18400  4.101e+01  0.68832
0.18450  4.082e+01  0.68871
0.18500  4.062e+01  0.68910
0.18550  4.043e+01  0.68948
0.18600  4.024e+01  0.68985
0.18650  4.005e+01  0.69023
0.18700  3.986e+01  0.69060
0.18750  3.967e+01  0.69096
0.18800  3.948e+01  0.69132
0.18850  3.929e+01  0.69168
0.18900  3.910e+01  0.69204
0.18950  3.891e+01  0.69239
0.19000  3.873e+01  0.69274
0.19050  3.854e+01  0.69308
0.19100  3.835e+01  0.69343
0.19150  3.817e+01  0.69376
0.19200  3.799e+01  0.69410
0.19250  3.780e+01  0.69443
0.19300  3.762e+01  0.69476
0.19350  3.744e+01  0.69508
0.19400  3.726e+01  0.69540
0.19450  3.708e+01  0.69572
0.19500  3.690e+01  0.69604
0.19550  3.672e+01  0.69635
0.19600  3.654e+01  0.69666
0.19650  3.636e+01  0.69696
0.19700  3.619e+01  0.69727
0.19750  3.601e+01  0.69757
0.19800  3.584e+01  0.69786
0.19850  3.566e+01  0.69816
0.19900  3.549e+01  0.69845
0.19950  3.532e+01  0.69874
0.20000  3.514e+01  0.69902
0.20050  3.497e+01  0.69930
0.20100  3.480e+01  0.69958
0.20150  3.463e+01  0.69986
0.20200  3.446e+01  0.70013
0.20250  3.429e+01  0.70040
0.20300  3.412e+01  0.70067
0.20350  3.395e+01  0.70094
0.20400  3.379e+01  0.70120
0.20450  3.362e+01  0.70146
0.20500  3.345e+01  0.70171
0.20550  3.329e+01  0.70197
0.20600  3.313e+01  0.70222
0.20650  3.296e+01  0.70247
0.20700  3.280e+01  0.70271
0.20750  3.264e+01  0.70296
0.20800  3.247e+01  0.70320
0.20850  3.231e+01  0.70344
0.20900  3.215e+01  0.70368
0.20950  3.199e+01  0.70391
0.21000  3.183e+01  0.70414
0.21050  3.167e+01  0.70437
0.21100  3.152e+01  0.70460
0.21150  3.136e+01  0.70482
0.21200  3.120e+01  0.70505
0.21250  3.105e+01  0.70526
0.21300  3.089e+01  0.70548
0.21350  3.074e+01  0.70570
0.21400  3.058e+01  0.70591
0.21450  3.043e+01  0.70612
0.21500  3.028e+01  0.70633
0.21550  3.012e+01  0.70654
0.21600  2.997e+01  0.70674
0.21650  2.982e+01  0.70694
0.21700  2.967e+01  0.70714
0.21750  2.952e+01  0.70734
0.21800  2.937e+01  0.70753
0.21850  2.922e+01  0.70773
0.21900  2.908e+01  0.70792
0.21950  2.893e+01  0.70810
0.22000  2.878e+01  0.70829
0.22050  2.864e+01  0.70848
0.22100  2.849e+01  0.70866
0.22150  2.835e+01  0.70884
0.22200  2.820e+01  0.70902
0.22250  2.806e+01  0.70920
0.22300  2.791e+01  0.70937
0.22350  2.777e+01  0.70954
0.22400  2.763e+01  0.70971
0.22450  2.749e+01  0.70988
0.22500  2.735e+01  0.71005
0.22550  2.721e+01  0.71022
0.22600  2.707e+01  0.71038
0.22650  2.693e+01  0.71054
0.22700  2.679e+01  0.71071
0.22750  2.666e+01  0.71086
0.22800  2.652e+01  0.71102
0.22850  2.638e+01  0.71118
0.22900  2.625e+01  0.71133
0.22950  2.611e+01  0.71148
0.23000  2.598e+01  0.71163
0.23050  2.584e+01  0.71178
0.23100  2.571e+01  0.71193
0.23150  2.558e+01  0.71207
0.23200  2.544e+01  0.71221
0.23250  2.531e+01  0.71235
0.23300  2.518e+01  0.71250
0.23350  2.505e+01  0.71263
0.23400  2.492e+01  0.71277
0.23450  2.479e+01  0.71290
0.23500  2.466e+01  0.71304
0.23550  2.453e+01  0.71317
0.23600  2.441e+01  0.71330
0.23650  2.428e+01  0.71343
0.23700  2.415e+01  0.71356
0.23750  2.403e+01  0.71369
0.23800  2.390e+01  0.71381
0.23850  2.378e+01  0.71393
0.23900  2.365e+01  0.71405
0.23950  2.353e+01  0.71418
0.24000  2.340e+01  0.71429
0.24050  2.328e+01  0.71441
0.24100  2.316e+01  0.71452
0.24150  2.304e+01  0.71464
0.24200  2.292e+01  0.71476
0.24250  2.280e+01  0.71487
0.24300  2.268e+01  0.71498
0.24350  2.256e+01  0.71509
0.24400  2.244e+01  0.71520
0.24450  2.232e+01  0.71530
0.24500  2.220e+01  0.71541
0.24550  2.209e+01  0.71551
0.24600  2.197e+01  0.71562
0.24650  2.185e+01  0.71572
0.24700  2.174e+01  0.71582
0.24750  2.162e+01  0.71592
0.24800  2.151e+01  0.71602
0.24850  2.139e+01  0.71611
0.24900  2.128e+01  0.71621
0.24950  2.117e+01  0.71630
0.25000  2.105e+01  0.71640
0.25050  2.094e+01  0.71649
0.25100  2.083e+01  0.71658
0.25150  2.072e+01  0.71667
0.25200  2.061e+01  0.71676
0.25250  2.050e+01  0.71685
0.25300  2.039e+01  0.71694
0.25350  2.028e+01  0.71702
0.25400  2.017e+01  0.71711
0.25450  2.006e+01  0.71719
0.25500  1.996e+01  0.71727
0.25550  1.985e+01  0.71736
0.25600  1.974e+01  0.71744
0.25650  1.964e+01  0.71752
0.25700  1.953e+01  0.71760
0.25750  1.943e+01  0.71767
0.25800  1.932e+01  0.71775
0.25850  1.922e+01  0.71783
0.25900  1.912e+01  0.71790
0.25950  1.901e+01  0.71798
0.26000  1.891e+01  0.71805
0.26050  1.881e+01  0.71812
0.26100  1.871e+01  0.71819
0.26150  1.861e+01  0.71826
0.26200  1.851e+01  0.71833
0.26250  1.841e+01  0.71841
0.26300  1.831e+01  0.71847
0.26350  1.821e+01  0.71854
0.26400  1.811e+01  0.71861
0.26450  1.801e+01  0.71868
0.26500  1.791e+01  0.71874
0.26550  1.782e+01  0.71881
0.26600  1.772e+01  0.71888
0.26650  1.763e+01  0.71894
0.26700  1.753e+01  0.71900
0.26750  1.743e+01  0.71907
0.26800  1.734e+01  0.71913
0.26850  1.724e+01  0.71919
0.26900  1.715e+01  0.71925
0.26950  1.706e+01  0.71932
0.27000  1.697e+01  0.71938
0.27050  1.687e+01  0.71944
0.27100  1.678e+01  0.71950
0.27150  1.669e+01  0.71956
0.27200  1.660e+01  0.71963
0.27250  1.651e+01  0.71969
0.27300  1.642e+01  0.71975
0.27350  1.633e+01  0.71981
0.27400  1.624e+01  0.71987
0.27450  1.615e+01  0.71993
0.27500  1.606e+01  0.71999
0.27550  1.597e+01  0.72004
0.27600  1.588e+01  0.72010
0.27650  1.580e+01  0.72016
0.27700  1.571e+01  0.72022
0.27750  1.563e+01  0.72028
0.27800  1.554e+01  0.72034
0.27850  1.545e+01  0.72040
0.27900  1.537e+01  0.72046
0.27950  1.528e+01  0.72051
0.28000  1.520e+01  0.72057
0.28050  1.512e+01  0.72063
0.28100  1.503e+01  0.72069
0.28150  1.495e+01  0.72075
0.28200  1.487e+01  0.72080
0.28250  1.479e+01  0.72086
0.28300  1.470e+01  0.72091
0.28350  1.462e+01  0.72097
0.28400  1.454e+01  0.72102
0.28450  1.446e+01  0.72108
0.28500  1.438e+01  0.72114
0.28550  1.430e+01  0.72119
0.28600  1.422e+01  0.72125
0.28650  1.414e+01  0.72130
0.28700  1.407e+01  0.72136
0.28750  1.399e+01  0.72142
0.28800  1.391e+01  0.72147
0.28850  1.383e+01  0.72153
0.28900  1.376e+01  0.72159
0.28950  1.368e+01  0.72164
0.29000  1.360e+01  0.72170
0.29050  1.353e+01  0.72175
0.29100  1.345e+01  0.72181
0.29150  1.338e+01  0.72186
0.29200  1.330e+01  0.72191
0.29250  1.323e+01  0.72197
0.29300  1.316e+01  0.72202
0.29350  1.308e+01  0.72207
0.29400  1.301e+01  0.72212
0.29450  1.294e+01  0.72218
0.29500  1.287e+01  0.72223
0.29550  1.279e+01  0.72228
0.29600  1.272e+01  0.72233
0.29650  1.265e+01  0.72238
0.29700  1.258e+01  0.72243
0.29750  1.251e+01  0.72248
0.29800  1.244e+01  0.72253
0.29850  1.237e+01  0.72258
0.29900  1.230e+01  0.72263
0.29950  1.223e+01  0.72268
0.30000  1.216e+01  0.72273
0.30050  1.210e+01  0.72278
0.30100  1.203e+01  0.72283
0.30150  1.196e+01  0.72287
0.30200  1.189e+01  0.72292
0.30250  1.183e+01  0.72297
0.30300  1.176e+01  0.72302
0.30350  1.170e+01  0.72306
0.30400  1.163e+01  0.72311
0.30450  1.157e+01  0.72315
0.30500  1.150e+01  0.72320
0.30550  1.144e+01  0.72324
0.30600  1.137e+01  0.72329
0.30650  1.131e+01  0.72333
0.30700  1.124e+01  0.72338
0.30750  1.118e+01  0.72342
0.30800  1.112e+01  0.72346
0.30850  1.106e+01  0.72351
0.30900  1.099e+01  0.72355
0.30950  1.093e+01  0.72360
0.31000  1.087e+01  0.72364
0.31050  1.081e+01  0.72368
0.31100  1.075e+01  0.72372
0.31150  1.069e+01  0.72376
0.31200  1.063e+01  0.72381
0.31250  1.057e+01  0.72385
0.31300  1.051e+01  0.72389
0.31350  1.045e+01  0.72393
0.31400  1.039e+01  0.72397
0.31450  1.033e+01  0.72401
0.31500  1.027e+01  0.72405
0.31550  1.022e+01  0.72408
0.31600  1.016e+01  0.72412
0.31650  1.010e+01  0.72416
0.31700  1.005e+01  0.72420
0.31750  9.989e+00  0.72424
0.31800  9.933e+00  0.72427
0.31850  9.877e+00  0.72431
0.31900  9.821e+00  0.72434
0.31950  9.766e+00  0.72438
0.32000  9.711e+00  0.72441
0.32050  9.656e+00  0.72445
0.32100  9.601e+00  0.72448
0.32150  9.547e+00  0.72452
0.32200  9.494e+00  0.72455
0.32250  9.440e+00  0.72459
0.32300  9.387e+00  0.72462
0.32350  9.334e+00  0.72466
0.32400  9.281e+00  0.72469
0.32450  9.229e+00  0.72473
0.32500  9.177e+00  0.72476
0.32550  9.125e+00  0.72479
0.32600  9.074e+00  0.72483
0.32650  9.022e+00  0.72486
0.32700  8.971e+00  0.72489
0.32750  8.921e+00  0.72492
0.32800  8.870e+00  0.72496
0.32850  8.820e+00  0.72499
0.32900  8.771e+00  0.72502
0.32950  8.721e+00  0.72505
0.33000  8.672e+00  0.72508
0.33050  8.623e+00  0.72511
0.33100  8.574e+00  0.72514
0.33150  8.526e+00  0.72517
0.33200  8.478e+00  0.72520
0.33250  8.430e+00  0.72523
0.33300  8.382e+00  0.72526
0.33350  8.335e+00  0.72529
0.33400  8.288e+00  0.72532
0.33450  8.241e+00  0.72535
0.33500  8.194e+00  0.72538
0.33550  8.148e+00  0.72541
0.33600  8.102e+00  0.72544
0.33650  8.056e+00  0.72547
0.33700  8.011e+00  0.72550
0.33750  7.966e+00  0.72553
0.33800  7.921e+00  0.72556
0.33850  7.876e+00  0.72558
0.33900  7.831e+00  0.72561
0.33950  7.787e+00  0.72563
0.34000  7.743e+00  0.72566
0.34050  7.700e+00  0.72569
0.34100  7.656e+00  0.72571
0.34150  7.613e+00  0.72574
0.34200  7.570e+00  0.72576
0.34250  7.527e+00  0.72579
0.34300  7.485e+00  0.72582
0.34350  7.442e+00  0.72584
0.34400  7.400e+00  0.72587
0.34450  7.359e+00  0.72590
0.34500  7.317e+00  0.72592
0.34550  7.276e+00  0.72595
0.34600  7.235e+00  0.72597
0.34650  7.194e+00  0.72600
0.34700  7.153e+00  0.72602
0.34750  7.113e+00  0.72605
0.34800  7.073e+00  0.72607
0.34850  7.033e+00  0.72610
0.34900  6.993e+00  0.72612
0.34950  6.954e+00  0.72615
0.35000  6.914e+00  0.72617
0.35050  6.875e+00  0.72619
0.35100  6.837e+00  0.72622
0.35150  6.798e+00  0.72624
0.35200  6.760e+00  0.72626
0.35250  6.721e+00  0.72629
0.35300  6.684e+00  0.72631
0.35350  6.646e+00  0.72633
0.35400  6.608e+00  0.72636
0.35450  6.571e+00  0.72638
0.35500  6.534e+00  0.72640
0.35550  6.497e+00  0.72642
0.35600  6.461e+00  0.72645
0.35650  6.424e+00  0.72647
0.35700  6.388e+00  0.72649
0.35750  6.352e+00  0.72651
0.35800  6.316e+00  0.72654
0.35850  6.281e+00  0.72656
0.35900  6.245e+00  0.72658
0.35950  6.210e+00  0.72660
0.36000  6.175e+00  0.72662
0.36050  6.140e+00  0.72665
0.36100  6.106e+00  0.72667
0.36150  6.071e+00  0.72669
0.36200  6.037e+00  0.72671
0.36250  6.003e+00  0.72673
0.36300  5.969e+00  0.72675
0.36350  5.936e+00  0.72677
0.36400  5.902e+00  0.72679
0.36450  5.869e+00  0.72681
0.36500  5.836e+00  0.72683
0.36550  5.803e+00  0.72684
0.36600  5.771e+00  0.72686
0.36650  5.738e+00  0.72689
0.36700  5.706e+00  0.72691
0.36750  5.674e+00  0.72693
0.36800  5.642e+00  0.72695
0.36850  5.610e+00  0.72697
0.36900  5.579e+00  0.72699
0.36950  5.547e+00  0.72701
0.37000  5.516e+00  0.72703
0.37050  5.485e+00  0.72705
0.37100  5.454e+00  0.72707
0.37150  5.424e+00  0.72708
0.37200  5.393e+00  0.72710
0.37250  5.363e+00  0.72712
0.37300  5.333e+00  0.72714
0.37350  5.303e+00  0.72716
0.37400  5.273e+00  0.72718
0.37450  5.244e+00  0.72720
0.37500  5.214e+00  0.72722
0.37550  5.185e+00  0.72724
0.37600  5.156e+00  0.72726
0.37650  5.127e+00  0.72728
0.37700  5.098e+00  0.72730
0.37750  5.070e+00  0.72731
0.37800  5.041e+00  0.72733
0.37850  5.013e+00  0.72735
0.37900  4.985e+00  0.72737
0.37950  4.957e+00  0.72739
0.38000  4.930e+00  0.72740
0.38050  4.902e+00  0.72742
0.38100  4.875e+00  0.72744
0.38150  4.847e+00  0.72745
0.38200  4.820e+00  0.72747
0.38250  4.793e+00  0.72749
0.38300  4.766e+00  0.72751
0.38350  4.740e+00  0.72752
0.38400  4.713e+00  0.72754
0.38450  4.687e+00  0.72756
0.38500  4.661e+00  0.72758
0.38550  4.635e+00  0.72759
0.38600  4.609e+00  0.72761
0.38650  4.583e+00  0.72763
0.38700  4.558e+00  0.72765
0.38750  4.532e+00  0.72766
0.38800  4.507e+00  0.72768
0.38850  4.482e+00  0.72770
0.38900  4.457e+00  0.72771
0.38950  4.432e+00  0.72773
0.39000  4.407e+00  0.72775
0.39050  4.383e+00  0.72776
0.39100  4.358e+00  0.72778
0.39150  4.334e+00  0.72780
0.39200  4.310e+00  0.72781
0.39250  4.286e+00  0.72783
0.39300  4.262e+00  0.72785
0.39350  4.238e+00  0.72786
0.39400  4.215e+00  0.72788
0.39450  4.191e+00  0.72790
0.39500  4.168e+00  0.72791
0.39550  4.145e+00  0.72793
0.39600  4.122e+00  0.72795
0.39650  4.099e+00  0.72796
0.39700  4.076e+00  0.72798
0.39750  4.053e+00  0.72800
0.39800  4.031e+00  0.72801
0.39850  4.009e+00  0.72803
0.39900  3.986e+00  0.72804
0.39950  3.964e+00  0.72806
0.40000  3.942e+00  0.72808
0.40050  3.920e+00  0.72809
0.40100  3.899e+00  0.72811
0.40150  3.877e+00  0.72812
0.40200  3.856e+00  0.72814
0.40250  3.834e+00  0.72815
0.40300  3.813e+00  0.72817
0.40350  3.792e+00  0.72818
0.40400  3.771e+00  0.72820
0.40450  3.750e+00  0.72822
0.40500  3.729e+00  0.72823
0.40550  3.709e+00  0.72825
0.40600  3.688e+00  0.72826
0.40650  3.668e+00  0.72828
0.40700  3.648e+00  0.72829
0.40750  3.628e+00  0.72831
0.40800  3.607e+00  0.72832
0.40850  3.588e+00  0.72834
0.40900  3.568e+00  0.72835
0.40950  3.548e+00  0.72837
0.41000  3.529e+00  0.72838
0.41050  3.509e+00  0.72840
0.41100  3.490e+00  0.72841
0.41150  3.471e+00  0.72843
0.41200  3.451e+00  0.72844
0.41250  3.432e+00  0.72846
0.41300  3.413e+00  0.72847
0.41350  3.395e+00  0.72849
0.41400  3.376e+00  0.72850
0.41450  3.357e+00  0.72852
0.41500  3.339e+00  0.72853
0.41550  3.321e+00  0.72855
0.41600  3.302e+00  0.72856
0.41650  3.284e+00  0.72858
0.41700  3.266e+00  0.72859
0.41750  3.248e+00  0.72861
0.41800  3.230e+00  0.72862
0.41850  3.213e+00  0.72864
0.41900  3.195e+00  0.72865
0.41950  3.178e+00  0.72866
0.42000  3.160e+00  0.72868
0.42050  3.143e+00  0.72869
0.42100  3.126e+00  0.72871
0.42150  3.109e+00  0.72872
0.42200  3.092e+00  0.72873
0.42250  3.075e+00  0.72875
0.42300  3.058e+00  0.72876
0.42350  3.041e+00  0.72877
0.42400  3.024e+00  0.72879
0.42450  3.008e+00  0.72880
0.42500  2.991e+00  0.72882
0.42550  2.975e+00  0.72883
0.42600  2.959e+00  0.72885
0.42650  2.943e+00  0.72886
0.42700  2.927e+00  0.72887
0.42750  2.911e+00  0.72889
0.42800  2.895e+00  0.72890
0.42850  2.879e+00  0.72892
0.42900  2.863e+00  0.72893
0.42950  2.848e+00  0.72895
0.43000  2.832e+00  0.72896
0.43050  2.817e+00  0.72897
0.43100  2.802e+00  0.72899
0.43150  2.786e+00  0.72900
0.43200  2.771e+00  0.72901
0.43250  2.756e+00  0.72902
0.43300  2.741e+00  0.72904
0.43350  2.726e+00  0.72905
0.43400  2.711e+00  0.72906
0.43450  2.697e+00  0.72908
0.43500  2.682e+00  0.72909
0.43550  2.668e+00  0.72910
0.43600  2.653e+00  0.72912
0.43650  2.639e+00  0.72913
0.43700  2.624e+00  0.72914
0.43750  2.610e+00  0.72915
0.43800  2.596e+00  0.72917
0.43850  2.582e+00  0.72918
0.43900  2.568e+00  0.72919
0.43950  2.554e+00  0.72921
0.44000  2.540e+00  0.72922
0.44050  2.527e+00  0.72923
0.44100  2.513e+00  0.72925
0.44150  2.499e+00  0.72926
0.44200  2.486e+00  0.72927
0.44250  2.472e+00  0.72929
0.44300  2.459e+00  0.72930
0.44350  2.446e+00  0.72931
0.44400  2.433e+00  0.72933
0.44450  2.420e+00  0.72934
0.44500  2.406e+00  0.72935
0.44550  2.394e+00  0.72937
0.44600  2.381e+00  0.72938
0.44650  2.368e+00  0.72939
0.44700  2.355e+00  0.72941
0.44750  2.342e+00  0.72942
0.44800  2.330e+00  0.72943
0.44850  2.317e+00  0.72945
0.44900  2.305e+00  0.72946
0.44950  2.292e+00  0.72947
0.45000  2.280e+00  0.72949
0.45050  2.268e+00  0.72950
0.45100  2.256e+00  0.72951
0.45150  2.244e+00  0.72953
0.45200  2.232e+00  0.72954
0.45250  2.220e+00  0.72955
0.45300  2.208e+00  0.72956
0.45350  2.196e+00  0.72958
0.45400  2.184e+00  0.72959
0.45450  2.173e+00  0.72960
0.45500  2.161e+00  0.72961
0.45550  2.149e+00  0.72963
0.45600  2.138e+00  0.72964
0.45650  2.126e+00  0.72965
0.45700  2.115e+00  0.72966
0.45750  2.104e+00  0.72968
0.45800  2.093e+00  0.72969
0.45850  2.081e+00  0.72970
0.45900  2.070e+00  0.72971
0.45950  2.059e+00  0.72973
0.46000  2.048e+00  0.72974
0.46050  2.037e+00  0.72975
0.46100  2.027e+00  0.72976
0.46150  2.016e+00  0.72977
0.46200  2.005e+00  0.72979
0.46250  1.994e+00  0.72980
0.46300  1.984e+00  0.72981
0.46350  1.973e+00  0.72982
0.46400  1.963e+00  0.72984
0.46450  1.952e+00  0.72985
0.46500  1.942e+00  0.72986
0.46550  1.932e+00  0.72987
0.46600  1.921e+00  0.72989
0.46650  1.911e+00  0.72990
0.46700  1.901e+00  0.72991
0.46750  1.891e+00  0.72993
0.46800  1.881e+00  0.72994
0.46850  1.871e+00  0.72995
0.46900  1.861e+00  0.72997
0.46950  1.851e+00  0.72998
0.47000  1.842e+00  0.72999
0.47050  1.832e+00  0.73000
0.47100  1.822e+00  0.73002
0.47150  1.813e+00  0.73003
0.47200  1.803e+00  0.73004
0.47250  1.793e+00  0.73005
0.47300  1.784e+00  0.73007
0.47350  1.775e+00  0.73008
0.47400  1.765e+00  0.73009
0.47450  1.756e+00  0.73011
0.47500  1.747e+00  0.73012
0.47550  1.737e+00  0.73013
0.47600  1.728e+00  0.73014
0.47650  1.719e+00  0.73015
0.47700  1.710e+00  0.73017
0.47750  1.701e+00  0.73018
0.47800  1.692e+00  0.73019
0.47850  1.683e+00  0.73020
0.47900  1.675e+00  0.73021
0.47950  1.666e+00  0.73023
0.48000  1.657e+00  0.73024
0.48050  1.648e+00  0.73025
0.48100  1.640e+00  0.73026
0.48150  1.631e+00  0.73027
0.48200  1.623e+00  0.73029
0.48250  1.614e+00  0.73030
0.48300  1.606e+00  0.73031
0.48350  1.597e+00  0.73032
0.48400  1.589e+00  0.73034
0.48450  1.581e+00  0.73035
0.48500  1.572e+00  0.73036
0.48550  1.564e+00  0.73037
0.48600  1.556e+00  0.73038
0.48650  1.548e+00  0.73039
0.48700  1.540e+00  0.73041
0.48750  1.532e+00  0.73042
0.48800  1.524e+00  0.73043
0.48850  1.516e+00  0.73044
0.48900  1.508e+00  0.73045
0.48950  1.500e+00  0.73046
0.49000  1.492e+00  0.73048
0.49050  1.485e+00  0.73049
0.49100  1.477e+00  0.73050
0.49150  1.469e+00  0.73052
0.49200  1.462e+00  0.73053
0.49250  1.454e+00  0.73054
0.49300  1.446e+00  0.73055
0.49350  1.439e+00  0.73056
0.49400  1.432e+00  0.73058
0.49450  1.424e+00  0.73059
0.49500  1.417e+00  0.73060
0.49550  1.409e+00  0.73061
0.49600  1.402e+00  0.73062
0.49650  1.395e+00  0.73063
0.49700  1.388e+00  0.73064
0.49750  1.380e+00  0.73066
0.49800  1.373e+00  0.73067
0.49850  1.366e+00  0.73068
0.49900  1.359e+00  0.73069
0.49950  1.352e+00  0.73070
0.50000  1.345e+00  0.73072
0.50050  1.338e+00  0.73073
0.50100  1.331e+00  0.73074
0.50150  1.325e+00  0.73075
0.50200  1.318e+00  0.73077
0.50250  1.311e+00  0.73078
0.50300  1.304e+00  0.73079
0.50350  1.297e+00  0.73080
0.50400  1.291e+00  0.73082
0.50450  1.284e+00  0.73083
0.50500  1.278e+00  0.73084
0.50550  1.271e+00  0.73085
0.50600  1.265e+00  0.73087
0.50650  1.258e+00  0.73088
0.50700  1.252e+00  0.73089
0.50750  1.245e+00  0.73090
0.50800  1.239e+00  0.73092
0.50850  1.232e+00  0.73093
0.50900  1.226e+00  0.73094
0.50950  1.220e+00  0.73095
0.51000  1.214e+00  0.73096
0.51050  1.207e+00  0.73098
0.51100  1.201e+00  0.73099
0.51150  1.195e+00  0.73100
0.51200  1.189e+00  0.73101
0.51250  1.183e+00  0.73102
0.51300  1.177e+00  0.73103
0.51350  1.171e+00  0.73105
0.51400  1.165e+00  0.73106
0.51450  1.159e+00  0.73107
0.51500  1.153e+00  0.73108
0.51550  1.147e+00  0.73110
0.51600  1.141e+00  0.73111
0.51650  1.136e+00  0.73112
0.51700  1.130e+00  0.73113
0.51750  1.124e+00  0.73115
0.51800  1.118e+00  0.73116
0.51850  1.113e+00  0.73117
0.51900  1.107e+00  0.73118
0.51950  1.101e+00  0.73120
0.52000  1.096e+00  0.73121
0.52050  1.090e+00  0.73122
0.52100  1.085e+00  0.73123
0.52150  1.079e+00  0.73124
0.52200  1.074e+00  0.73126
0.52250  1.068e+00  0.73127
0.52300  1.063e+00  0.73128
0.52350  1.058e+00  0.73129
0.52400  1.052e+00  0.73130
0.52450  1.047e+00  0.73132
0.52500  1.042e+00  0.73133
0.52550  1.036e+00  0.73134
0.52600  1.031e+00  0.73135
0.52650  1.026e+00  0.73137
0.52700  1.021e+00  0.73138
0.52750  1.016e+00  0.73139
0.52800  1.011e+00  0.73140
0.52850  1.006e+00  0.73142
0.52900  1.000e+00  0.73143
0.52950  9.955e-01  0.73144
0.53000  9.905e-01  0.73145
0.53050  9.855e-01  0.73146
0.53100  9.806e-01  0.73148
0.53150  9.756e-01  0.73149
0.53200  9.707e-01  0.73150
0.53250  9.659e-01  0.73151
0.53300  9.610e-01  0.73152
0.53350  9.562e-01  0.73154
0.53400  9.514e-01  0.73155
0.53450  9.467e-01  0.73156
0.53500  9.419e-01  0.73157
0.53550  9.372e-01  0.73158
0.53600  9.326e-01  0.73160
0.53650  9.279e-01  0.73161
0.53700  9.233e-01  0.73162
0.53750  9.187e-01  0.73163
0.53800  9.141e-01  0.73164
0.53850  9.095e-01  0.73165
0.53900  9.050e-01  0.73167
0.53950  9.005e-01  0.73168
0.54000  8.960e-01  0.73169
0.54050  8.915e-01  0.73170
0.54100  8.871e-01  0.73172
0.54150  8.827e-01  0.73173
0.54200  8.783e-01  0.73174
0.54250  8.739e-01  0.73175
0.54300  8.696e-01  0.73177
0.54350  8.653e-01  0.73178
0.54400  8.610e-01  0.73179
0.54450  8.567e-01  0.73180
0.54500  8.524e-01  0.73181
0.54550  8.482e-01  0.73183
0.54600  8.440e-01  0.73184
0.54650  8.398e-01  0.73185
0.54700  8.357e-01  0.73186
0.54750  8.316e-01  0.73187
0.54800  8.274e-01  0.73189
0.54850  8.234e-01  0.73190
0.54900  8.193e-01  0.73191
0.54950  8.152e-01  0.73192
0.55000  8.112e-01  0.73193
0.55050  8.072e-01  0.73194
0.55100  8.032e-01  0.73196
0.55150  7.993e-01  0.73197
0.55200  7.953e-01  0.73198
0.55250  7.914e-01  0.73199
0.55300  7.875e-01  0.73200
0.55350  7.836e-01  0.73202
0.55400  7.798e-01  0.73203
0.55450  7.759e-01  0.73204
0.55500  7.721e-01  0.73205
0.55550  7.683e-01  0.73206
0.55600  7.646e-01  0.73208
0.55650  7.608e-01  0.73209
0.55700  7.571e-01  0.73210
0.55750  7.534e-01  0.73211
0.55800  7.497e-01  0.73212
0.55850  7.460e-01  0.73214
0.55900  7.423e-01  0.73215
0.55950  7.387e-01  0.73216
0.56000  7.351e-01  0.73217
0.56050  7.315e-01  0.73218
0.56100  7.279e-01  0.73220
0.56150  7.244e-01  0.73221
0.56200  7.208e-01  0.73222
0.56250  7.173e-01  0.73223
0.56300  7.138e-01  0.73224
0.56350  7.103e-01  0.73225
0.56400  7.069e-01  0.73227
0.56450  7.034e-01  0.73228
0.56500  7.000e-01  0.73229
0.56550  6.966e-01  0.73230
0.56600  6.932e-01  0.73231
0.56650  6.898e-01  0.73232
0.56700  6.865e-01  0.73234
0.56750  6.831e-01  0.73235
0.56800  6.798e-01  0.73236
0.56850  6.765e-01  0.73237
0.56900  6.732e-01  0.73238
0.56950  6.700e-01  0.73240
0.57000  6.667e-01  0.73241
0.57050  6.635e-01  0.73242
0.57100  6.603e-01  0.73243
0.57150  6.571e-01  0.73244
0.57200  6.539e-01  0.73245
0.57250  6.507e-01  0.73247
0.57300  6.476e-01  0.73248
0.57350  6.445e-01  0.73249
0.57400  6.413e-01  0.73250
0.57450  6.382e-01  0.73251
0.57500  6.352e-01  0.73252
0.57550  6.321e-01  0.73253
0.57600  6.291e-01  0.73255
0.57650  6.260e-01  0.73256
0.57700  6.230e-01  0.73257
0.57750  6.200e-01  0.73258
0.57800  6.170e-01  0.73259
0.57850  6.141e-01  0.73260
0.57900  6.111e-01  0.73261
0.57950  6.082e-01  0.73262
0.58000  6.052e-01  0.73264
0.58050  6.023e-01  0.73265
0.58100  5.994e-01  0.73266
0.58150  5.966e-01  0.73267
0.58200  5.937e-01  0.73268
0.58250  5.908e-01  0.73269
0.58300  5.880e-01  0.73270
0.58350  5.852e-01  0.73272
0.58400  5.824e-01  0.73273
0.58450  5.796e-01  0.73274
0.58500  5.768e-01  0.73275
0.58550  5.741e-01  0.73276
0.58600  5.713e-01  0.73277
0.58650  5.686e-01  0.73278
0.58700  5.659e-01  0.73279
0.58750  5.632e-01  0.73280
0.58800  5.605e-01  0.73281
0.58850  5.578e-01  0.73282
0.58900  5.552e-01  0.73284
0.58950  5.525e-01  0.73285
0.59000  5.499e-01  0.73286
0.59050  5.473e-01  0.73287
0.59100  5.447e-01  0.73288
0.59150  5.421e-01  0.73289
0.59200  5.395e-01  0.73290
0.59250  5.369e-01  0.73291
0.59300  5.344e-01  0.73292
0.59350  5.318e-01  0.73293
0.59400  5.293e-01  0.73294
0.59450  5.268e-01  0.73295
0.59500  5.243e-01  0.73296
0.59550  5.218e-01  0.73297
0.59600  5.193e-01  0.73298
0.59650  5.169e-01  0.73299
0.59700  5.144e-01  0.73300
0.59750  5.120e-01  0.73301
0.59800  5.096e-01  0.73302
0.59850  5.072e-01  0.73303
0.59900  5.048e-01  0.73304
0.59950  5.024e-01  0.73305
0.60000  5.000e-01  0.73306
0.60050  4.977e-01  0.73307
0.60100  4.953e-01  0.73308
0.60150  4.930e-01  0.73309
0.60200  4.907e-01  0.73310
0.60250  4.884e-01  0.73311
0.60300  4.861e-01  0.73312
0.60350  4.838e-01  0.73313
0.60400  4.815e-01  0.73314
0.60450  4.792e-01  0.73315
0.60500  4.770e-01  0.73316
0.60550  4.747e-01  0.73316
0.60600  4.725e-01  0.73317
0.60650  4.703e-01  0.73318
0.60700  4.681e-01  0.73319
0.60750  4.659e-01  0.73320
0.60800  4.637e-01  0.73321
0.60850  4.615e-01  0.73322
0.60900  4.594e-01  0.73323
0.60950  4.572e-01  0.73324
0.61000  4.551e-01  0.73324
0.61050  4.530e-01  0.73325
0.61100  4.509e-01  0.73326
0.61150  4.487e-01  0.73327
0.61200  4.466e-01  0.73328
0.61250  4.446e-01  0.73328
0.61300  4.425e-01  0.73329
0.61350  4.404e-01  0.73330
0.61400  4.384e-01  0.73331
0.61450  4.363e-01  0.73332
0.61500  4.343e-01  0.73332
0.61550  4.323e-01  0.73333
0.61600  4.303e-01  0.73334
0.61650  4.283e-01  0.73335
0.61700  4.263e-01  0.73335
0.61750  4.243e-01  0.73336
0.61800  4.223e-01  0.73337
0.61850  4.204e-01  0.73338
0.61900  4.184e-01  0.73338
0.61950  4.165e-01  0.73339
0.62000  4.146e-01  0.73340
0.62050  4.126e-01  0.73340
0.62100  4.107e-01  0.73341
0.62150  4.088e-01  0.73342
0.62200  4.069e-01  0.73342
0.62250  4.051e-01  0.73343
0.62300  4.032e-01  0.73344
0.62350  4.013e-01  0.73344
0.62400  3.995e-01  0.73345
0.62450  3.976e-01  0.73346
0.62500  3.958e-01  0.73346
0.62550  3.940e-01  0.73347
0.62600  3.922e-01  0.73347
0.62650  3.904e-01  0.73348
0.62700  3.886e-01  0.73349
0.62750  3.868e-01  0.73349
0.62800  3.850e-01  0.73350
0.62850  3.832e-01  0.73350
0.62900  3.815e-01  0.73351
0.62950  3.797e-01  0.73351
0.63000  3.780e-01  0.73352
0.63050  3.762e-01  0.73353
0.63100  3.745e-01  0.73353
0.63150  3.728e-01  0.73354
0.63200  3.711e-01  0.73354
0.63250  3.694e-01  0.73355
0.63300  3.677e-01  0.73356
0.63350  3.660e-01  0.73356
0.63400  3.643e-01  0.73357
0.63450  3.627e-01  0.73358
0.63500  3.610e-01  0.73358
0.63550  3.594e-01  0.73359
0.63600  3.577e-01  0.73359
0.63650  3.561e-01  0.73360
0.63700  3.545e-01  0.73361
0.63750  3.529e-01  0.73361
0.63800  3.513e-01  0.73362
0.63850  3.497e-01  0.73363
0.63900  3.481e-01  0.73363
0.63950  3.465e-01  0.73364
0.64000  3.449e-01  0.73365
0.64050  3.434e-01  0.73365
0.64100  3.418e-01  0.73366
0.64150  3.402e-01  0.73367
0.64200  3.387e-01  0.73368
0.64250  3.372e-01  0.73369
0.64300  3.356e-01  0.73370
0.64350  3.341e-01  0.73371
0.64400  3.326e-01  0.73372
0.64450  3.311e-01  0.73373
0.64500  3.296e-01  0.73374
0.64550  3.281e-01  0.73375
0.64600  3.266e-01  0.73376
0.64650  3.252e-01  0.73377
0.64700  3.237e-01  0.73378
0.64750  3.222e-01  0.73379
0.64800  3.208e-01  0.73381
0.64850  3.193e-01  0.73382
0.64900  3.179e-01  0.73384
0.64950  3.165e-01  0.73385
0.65000  3.150e-01  0.73387
0.65050  3.136e-01  0.73388
0.65100  3.122e-01  0.73390
0.65150  3.108e-01  0.73392
0.65200  3.094e-01  0.73394
0.65250  3.080e-01  0.73396
0.65300  3.066e-01  0.73398
0.65350  3.053e-01  0.73400
0.65400  3.039e-01  0.73402
0.65450  3.025e-01  0.73404
0.65500  3.012e-01  0.73407
0.65550  2.998e-01  0.73409
0.65600  2.985e-01  0.73412
0.65650  2.971e-01  0.73415
0.65700  2.958e-01  0.73417
0.65750  2.945e-01  0.73420
0.65800  2.932e-01  0.73423
0.65850  2.919e-01  0.73427
0.65900  2.906e-01  0.73430
0.65950  2.893e-01  0.73434
0.66000  2.880e-01  0.73437
0.66050  2.867e-01  0.73441
0.66100  2.854e-01  0.73445
0.66150  2.841e-01  0.73449
0.66200  2.829e-01  0.73453
0.66250  2.816e-01  0.73457
0.66300  2.804e-01  0.73462
0.66350  2.791e-01  0.73467
0.66400  2.779e-01  0.73471
0.66450  2.766e-01  0.73477
0.66500  2.754e-01  0.73482
0.66550  2.742e-01  0.73487
0.66600  2.730e-01  0.73493
0.66650  2.718e-01  0.73499
0.66700  2.706e-01  0.73505
0.66750  2.694e-01  0.73511
0.66800  2.682e-01  0.73517
0.66850  2.670e-01  0.73524
0.66900  2.658e-01  0.73531
0.66950  2.646e-01  0.73538
0.67000  2.635e-01  0.73545
0.67050  2.623e-01  0.73552
0.67100  2.611e-01  0.73560
0.67150  2.600e-01  0.73568
0.67200  2.588e-01  0.73577
0.67250  2.577e-01  0.73585
0.67300  2.565e-01  0.73594
0.67350  2.554e-01  0.73603
0.67400  2.543e-01  0.73612
0.67450  2.532e-01  0.73621
0.67500  2.521e-01  0.73631
0.67550  2.509e-01  0.73641
0.67600  2.498e-01  0.73651
0.67650  2.487e-01  0.73662
0.67700  2.476e-01  0.73673
0.67750  2.466e-01  0.73684
0.67800  2.455e-01  0.73695
0.67850  2.444e-01  0.73706
0.67900  2.433e-01  0.73718
0.67950  2.423e-01  0.73730
0.68000  2.412e-01  0.73742
0.68050  2.401e-01  0.73755
0.68100  2.391e-01  0.73768
0.68150  2.380e-01  0.73781
0.68200  2.370e-01  0.73794
0.68250  2.359e-01  0.73808
0.68300  2.349e-01  0.73821
0.68350  2.339e-01  0.73835
0.68400  2.329e-01  0.73850
0.68450  2.318e-01  0.73864
0.68500  2.308e-01  0.73879
0.68550  2.298e-01  0.73894
0.68600  2.288e-01  0.73909
0.68650  2.278e-01  0.73924
0.68700  2.268e-01  0.73940
0.68750  2.258e-01  0.73955
0.68800  2.249e-01  0.73971
0.68850  2.239e-01  0.73987
0.68900  2.229e-01  0.74004
0.68950  2.219e-01  0.74020
0.69000  2.210e-01  0.74037
0.69050  2.200e-01  0.74054
0.69100  2.191e-01  0.74071
0.69150  2.181e-01  0.74088
0.69200  2.172e-01  0.74105
0.69250  2.162e-01  0.74123
0.69300  2.153e-01  0.74140
0.69350  2.143e-01  0.74158
0.69400  2.134e-01  0.74176
0.69450  2.125e-01  0.74195
0.69500  2.116e-01  0.74213
0.69550  2.107e-01  0.74232
0.69600  2.098e-01  0.74251
0.69650  2.089e-01  0.74270
0.69700  2.080e-01  0.74289
0.69750  2.071e-01  0.74308
0.69800  2.062e-01  0.74327
0.69850  2.053e-01  0.74347
0.69900  2.044e-01  0.74367
0.69950  2.035e-01  0.74387
0.70000  2.027e-01  0.74407
0.70050  2.018e-01  0.74427
0.70100  2.009e-01  0.74448
0.70150  2.001e-01  0.74468
0.70200  1.992e-01  0.74489
0.70250  1.984e-01  0.74510
0.70300  1.975e-01  0.74531
0.70350  1.967e-01  0.74553
0.70400  1.959e-01  0.74574
0.70450  1.950e-01  0.74596
0.70500  1.942e-01  0.74617
0.70550  1.934e-01  0.74639
0.70600  1.926e-01  0.74661
0.70650  1.917e-01  0.74684
0.70700  1.909e-01  0.74706
0.70750  1.901e-01  0.74729
0.70800  1.893e-01  0.74751
0.70850  1.885e-01  0.74774
0.70900  1.878e-01  0.74797
0.70950  1.870e-01  0.74820
0.71000  1.862e-01  0.74844
0.71050  1.854e-01  0.74867
0.71100  1.846e-01  0.74891
0.71150  1.839e-01  0.74915
0.71200  1.831e-01  0.74939
0.71250  1.823e-01  0.74963
0.71300  1.816e-01  0.74988
0.71350  1.808e-01  0.75012
0.71400  1.801e-01  0.75037
0.71450  1.794e-01  0.75062
0.71500  1.786e-01  0.75087
0.71550  1.779e-01  0.75112
0.71600  1.772e-01  0.75138
0.71650  1.764e-01  0.75164
0.71700  1.757e-01  0.75189
0.71750  1.750e-01  0.75216
0.71800  1.743e-01  0.75242
0.71850  1.736e-01  0.75269
0.71900  1.729e-01  0.75295
0.71950  1.722e-01  0.75322
0.72000  1.715e-01  0.75349
0.72050  1.708e-01  0.75375
0.72100  1.702e-01  0.75402
0.72150  1.695e-01  0.75429
0.72200  1.688e-01  0.75456
0.72250  1.681e-01  0.75484
0.72300  1.675e-01  0.75488
0.72350  1.669e-01  0.75488
0.72400  1.663e-01  0.75488
0.72450  1.656e-01  0.75488
0.72500  1.650e-01  0.75488
0.72550  1.644e-01  0.75488
0.72600  1.638e-01  0.75488
0.72650  1.632e-01  0.75488
0.72700  1.625e-01  0.75488
0.72750  1.619e-01  0.75488
0.72800  1.613e-01  0.75488
0.72850  1.607e-01  0.75488
0.72900  1.601e-01  0.75488
0.72950  1.595e-01  0.75488
0.73000  1.589e-01  0.75488
0.73050  1.583e-01  0.75488
0.73100  1.577e-01  0.75488
0.73150  1.571e-01  0.75488
0.73200  1.565e-01  0.75488
0.73250  1.559e-01  0.75488
0.73300  1.553e-01  0.75488
0.73350  1.547e-01  0.75488
0.73400  1.541e-01  0.75488
0.73450  1.535e-01  0.75488
0.73500  1.529e-01  0.75488
0.73550  1.523e-01  0.75488
0.73600  1.517e-01  0.75488
0.73650  1.511e-01  0.75488
0.73700  1.505e-01  0.75488
0.73750  1.500e-01  0.75488
0.73800  1.494e-01  0.75488
0.73850  1.488e-01  0.75488
0.73900  1.482e-01  0.75488
0.73950  1.476e-01  0.75488
0.74000  1.471e-01  0.75488
0.74050  1.465e-01  0.75488
0.74100  1.459e-01  0.75488
0.74150  1.453e-01  0.75488
0.74200  1.448e-01  0.75488
0.74250  1.442e-01  0.75488
0.74300  1.436e-01  0.75488
0.74350  1.431e-01  0.75488
0.74400  1.425e-01  0.75488
0.74450  1.419e-01  0.75488
0.74500  1.414e-01  0.75488
0.74550  1.408e-01  0.75488
0.74600  1.403e-01  0.75488
0.74650  1.397e-01  0.75488
0.74700  1.392e-01  0.75488
0.74750  1.386e-01  0.75488
0.74800  1.380e-01  0.75488
0.74850  1.375e-01  0.75488
0.74900  1.369e-01  0.75488
0.74950  1.364e-01  0.75488
0.75000  1.358e-01  0.75488
0.75050  1.353e-01  0.75488
0.75100  1.348e-01  0.75488
0.75150  1.342e-01  0.75488
0.75200  1.337e-01  0.75488
0.75250  1.331e-01  0.75488
0.75300  1.326e-01  0.75488
0.75350  1.321e-01  0.75488
0.75400  1.315e-01  0.75488
0.75450  1.310e-01  0.75488
0.75500  1.305e-01  0.75488
0.75550  1.299e-01  0.75488
0.75600  1.294e-01  0.75488
0.75650  1.289e-01  0.75488
0.75700  1.283e-01  0.75488
0.75750  1.278e-01  0.75488
0.75800  1.273e-01  0.75488
0.75850  1.268e-01  0.75488
0.75900  1.262e-01  0.75488
0.75950  1.257e-01  0.75488
0.76000  1.252e-01  0.75488
0.76050  1.247e-01  0.75488
0.76100  1.242e-01  0.75488
0.76150  1.237e-01  0.75488
0.76200  1.231e-01  0.75488
0.76250  1.226e-01  0.75488
0.76300  1.221e-01  0.75488
0.76350  1.216e-01  0.75488
0.76400  1.211e-01  0.75488
0.76450  1.206e-01  0.75488
0.76500  1.201e-01  0.75488
0.76550  1.196e-01  0.75488
0.76600  1.191e-01  0.75488
0.76650  1.186e-01  0.75488
0.76700  1.181e-01  0.75488
0.76750  1.176e-01  0.75488
0.76800  1.171e-01  0.75488
0.76850  1.166e-01  0.75488
0.76900  1.161e-01  0.75488
0.76950  1.156e-01  0.75488
0.77000  1.151e-01  0.75488
0.77050  1.146e-01  0.75488
0.77100  1.141e-01  0.75488
0.77150  1.136e-01  0.75488
0.77200  1.131e-01  0.75488
0.77250  1.127e-01  0.75488
0.77300  1.122e-01  0.75488
0.77350  1.117e-01  0.75488
0.77400  1.112e-01  0.75488
0.77450  1.107e-01  0.75488
0.77500  1.102e-01  0.75488
0.77550  1.098e-01  0.75488
0.77600  1.093e-01  0.75488
0.77650  1.088e-01  0.75488
0.77700  1.083e-01  0.75488
0.77750  1.079e-01  0.75488
0.77800  1.074e-01  0.75488
0.77850  1.069e-01  0.75488
0.77900  1.065e-01  0.75488
0.77950  1.060e-01  0.75488
0.78000  1.055e-01  0.75488
0.78050  1.051e-01  0.75488
0.78100  1.046e-01  0.75488
0.78150  1.041e-01  0.75488
0.78200  1.037e-01  0.75488
0.78250  1.032e-01  0.75488
0.78300  1.027e-01  0.75488
0.78350  1.023e-01  0.75488
0.78400  1.018e-01  0.75488
0.78450  1.014e-01  0.75488
0.78500  1.009e-01  0.75488
0.78550  1.005e-01  0.75488
0.78600  1.000e-01  0.75488
0.78650  9.956e-02  0.75488
0.78700  9.912e-02  0.75488
0.78750  9.867e-02  0.75488
0.78800  9.822e-02  0.75488
0.78850  9.777e-02  0.75488
0.78900  9.733e-02  0.75488
0.78950  9.689e-02  0.75488
0.79000  9.644e-02  0.75488
0.79050  9.600e-02  0.75488
0.79100  9.556e-02  0.75488
0.79150  9.512e-02  0.75488
0.79200  9.469e-02  0.75488
0.79250  9.425e-02  0.75488
0.79300  9.382e-02  0.75488
0.79350  9.338e-02  0.75488
0.79400  9.295e-02  0.75488
0.79450  9.252e-02  0.75488
0.79500  9.209e-02  0.75488
0.79550  9.166e-02  0.75488
0.79600  9.123e-02  0.75488
0.79650  9.080e-02  0.75488
0.79700  9.038e-02  0.75488
0.79750  8.996e-02  0.75488
0.79800  8.953e-02  0.75488
0.79850  8.911e-02  0.75488
0.79900  8.869e-02  0.75488
0.79950  8.827e-02  0.75488
0.80000  8.785e-02  0.75488
0.80050  8.743e-02  0.75488
0.80100  8.702e-02  0.75488
0.80150  8.660e-02  0.75488
0.80200  8.619e-02  0.75488
0.80250  8.578e-02  0.75488
0.80300  8.536e-02  0.75488
0.80350  8.495e-02  0.75488
0.80400  8.455e-02  0.75488
0.80450  8.414e-02  0.75488
0.80500  8.373e-02  0.75488
0.80550  8.333e-02  0.75488
0.80600  8.292e-02  0.75488
0.80650  8.252e-02  0.75488
0.80700  8.211e-02  0.75488
0.80750  8.171e-02  0.75488
0.80800  8.131e-02  0.75488
0.80850  8.091e-02  0.75488
0.80900  8.052e-02  0.75488
0.80950  8.012e-02  0.75488
0.81000  7.972e-02  0.75488
0.81050  7.933e-02  0.75488
0.81100  7.894e-02  0.75488
0.81150  7.854e-02  0.75488
0.81200  7.815e-02  0.75488
0.81250  7.776e-02  0.75488
0.81300  7.737e-02  0.75488
0.81350  7.699e-02  0.75488
0.81400  7.660e-02  0.75488
0.81450  7.621e-02  0.75488
0.81500  7.583e-02  0.75488
0.81550  7.545e-02  0.75488
0.81600  7.506e-02  0.75488
0.81650  7.468e-02  0.75488
0.81700  7.430e-02  0.75488
0.81750  7.392e-02  0.75488
0.81800  7.354e-02  0.75488
0.81850  7.317e-02  0.75488
0.81900  7.279e-02  0.75488
0.81950  7.242e-02  0.75488
0.82000  7.205e-02  0.75488
0.82050  7.167e-02  0.75488
0.82100  7.130e-02  0.75488
0.82150  7.093e-02  0.75488
0.82200  7.056e-02  0.75488
0.82250  7.019e-02  0.75488
0.82300  6.983e-02  0.75488
0.82350  6.946e-02  0.75488
0.82400  6.909e-02  0.75488
0.82450  6.873e-02  0.75488
0.82500  6.837e-02  0.75488
0.82550  6.801e-02  0.75488
0.82600  6.765e-02  0.75488
0.82650  6.729e-02  0.75488
0.82700  6.693e-02  0.75488
0.82750  6.657e-02  0.75488
0.82800  6.622e-02  0.75488
0.82850  6.586e-02  0.75488
0.82900  6.551e-02  0.75488
0.82950  6.515e-02  0.75488
0.83000  6.480e-02  0.75488
0.83050  6.445e-02  0.75488
0.83100  6.410e-02  0.75488
0.83150  6.375e-02  0.75488
0.83200  6.340e-02  0.75488
0.83250  6.306e-02  0.75488
0.83300  6.271e-02  0.75488
0.83350  6.237e-02  0.75488
0.83400  6.202e-02  0.75488
0.83450  6.168e-02  0.75488
0.83500  6.134e-02  0.75488
0.83550  6.100e-02  0.75488
0.83600  6.066e-02  0.75488
0.83650  6.032e-02  0.75488
0.83700  5.998e-02  0.75488
0.83750  5.964e-02  0.75488
0.83800  5.931e-02  0.75488
0.83850  5.897e-02  0.75488
0.83900  5.864e-02  0.75488
0.83950  5.831e-02  0.75488
0.84000  5.797e-02  0.75488
0.84050  5.764e-02  0.75488
0.84100  5.731e-02  0.75488
0.84150  5.699e-02  0.75488
0.84200  5.666e-02  0.75488
0.84250  5.633e-02  0.75488
0.84300  5.600e-02  0.75488
0.84350  5.568e-02  0.75488
0.84400  5.536e-02  0.75488
0.84450  5.503e-02  0.75488
0.84500  5.471e-02  0.75488
0.84550  5.439e-02  0.75488
0.84600  5.407e-02  0.75488
0.84650  5.376e-02  0.75488
0.84700  5.344e-02  0.75488
0.84750  5.312e-02  0.75488
0.84800  5.281e-02  0.75488
0.84850  5.249e-02  0.75488
0.84900  5.218e-02  0.75488
0.84950  5.186e-02  0.75488
0.85000  5.155e-02  0.75488
0.85050  5.124e-02  0.75488
0.85100  5.093e-02  0.75488
0.85150  5.062e-02  0.75488
0.85200  5.032e-02  0.75488
0.85250  5.001e-02  0.75488
0.85300  4.970e-02  0.75488
0.85350  4.940e-02  0.75488
0.85400  4.909e-02  0.75488
0.85450  4.879e-02  0.75488
0.85500  4.849e-02  0.75488
0.85550  4.819e-02  0.75488
0.85600  4.789e-02  0.75488
0.85650  4.759e-02  0.75488
0.85700  4.729e-02  0.75488
0.85750  4.700e-02  0.75488
0.85800  4.670e-02  0.75488
0.85850  4.641e-02  0.75488
0.85900  4.611e-02  0.75488
0.85950  4.582e-02  0.75488
0.86000  4.553e-02  0.75488
0.86050  4.524e-02  0.75488
0.86100  4.494e-02  0.75488
0.86150  4.465e-02  0.75488
0.86200  4.437e-02  0.75488
0.86250  4.408e-02  0.75488
0.86300  4.379e-02  0.75488
0.86350  4.351e-02  0.75488
0.86400  4.322e-02  0.75488
0.86450  4.294e-02  0.75488
0.86500  4.266e-02  0.75488
0.86550  4.237e-02  0.75488
0.86600  4.209e-02  0.75488
0.86650  4.181e-02  0.75488
0.86700  4.153e-02  0.75488
0.86750  4.126e-02  0.75488
0.86800  4.098e-02  0.75488
0.86850  4.070e-02  0.75488
0.86900  4.043e-02  0.75488
0.86950  4.015e-02  0.75488
0.87000  3.988e-02  0.75488
0.87050  3.961e-02  0.75488
0.87100  3.934e-02  0.75488
0.87150  3.907e-02  0.75488
0.87200  3.880e-02  0.75488
0.87250  3.853e-02  0.75488
0.87300  3.826e-02  0.75488
0.87350  3.799e-02  0.75488
0.87400  3.773e-02  0.75488
0.87450  3.746e-02  0.75488
0.87500  3.720e-02  0.75488
0.87550  3.693e-02  0.75488
0.87600  3.667e-02  0.75488
0.87650  3.641e-02  0.75488
0.87700  3.615e-02  0.75488
0.87750  3.589e-02  0.75488
0.87800  3.563e-02  0.75488
0.87850  3.537e-02  0.75488
0.87900  3.512e-02  0.75488
0.87950  3.486e-02  0.75488
0.88000  3.461e-02  0.75488
0.88050  3.435e-02  0.75488
0.88100  3.410e-02  0.75488
0.88150  3.385e-02  0.75488
0.88200  3.360e-02  0.75488
0.88250  3.334e-02  0.75488
0.88300  3.310e-02  0.75488
0.88350  3.285e-02  0.75488
0.88400  3.260e-02  0.75488
0.88450  3.235e-02  0.75488
0.88500  3.211e-02  0.75488
0.88550  3.186e-02  0.75488
0.88600  3.162e-02  0.75488
0.88650  3.137e-02  0.75488
0.88700  3.113e-02  0.75488
0.88750  3.089e-02  0.75488
0.88800  3.065e-02  0.75488
0.88850  3.041e-02  0.75488
0.88900  3.017e-02  0.75488
0.88950  2.993e-02  0.75488
0.89000  2.970e-02  0.75488
0.89050  2.946e-02  0.75488
0.89100  2.922e-02  0.75488
0.89150  2.899e-02  0.75488
0.89200  2.876e-02  0.75488
0.89250  2.852e-02  0.75488
0.89300  2.829e-02  0.75488
0.89350  2.806e-02  0.75488
0.89400  2.783e-02  0.75488
0.89450  2.760e-02  0.75488
0.89500  2.737e-02  0.75488
0.89550  2.715e-02  0.75488
0.89600  2.692e-02  0.75488
0.89650  2.669e-02  0.75488
0.89700  2.647e-02  0.75488
0.89750  2.625e-02  0.75488
0.89800  2.602e-02  0.75488
0.89850  2.580e-02  0.75488
0.89900  2.558e-02  0.75488
0.89950  2.536e-02  0.75488
0.90000  2.514e-02  0.75488
0.90050  2.492e-02  0.75488
0.90100  2.470e-02  0.75488
0.90150  2.449e-02  0.75488
0.90200  2.427e-02  0.75488
0.90250  2.406e-02  0.75488
0.90300  2.384e-02  0.75488
0.90350  2.363e-02  0.75488
0.90400  2.342e-02  0.75488
0.90450  2.320e-02  0.75488
0.90500  2.299e-02  0.75488
0.90550  2.278e-02  0.75488
0.90600  2.258e-02  0.75488
0.90650  2.237e-02  0.75488
0.90700  2.216e-02  0.75488
0.90750  2.195e-02  0.75488
0.90800  2.175e-02  0.75488
0.90850  2.154e-02  0.75488
0.90900  2.134e-02  0.75488
0.90950  2.114e-02  0.75488
0.91000  2.093e-02  0.75488
0.91050  2.073e-02  0.75488
0.91100  2.053e-02  0.75488
0.91150  2.033e-02  0.75488
0.91200  2.014e-02  0.75488
0.91250  1.994e-02  0.75488
0.91300  1.974e-02  0.75488
0.91350  1.955e-02  0.75488
0.91400  1.935e-02  0.75488
0.91450  1.916e-02  0.75488
0.91500  1.896e-02  0.75488
0.91550  1.877e-02  0.75488
0.91600  1.858e-02  0.75488
0.91650  1.839e-02  0.75488
0.91700  1.820e-02  0.75488
0.91750  1.801e-02  0.75488
0.91800  1.782e-02  0.75488
0.91850  1.763e-02  0.75488
0.91900  1.745e-02  0.75488
0.91950  1.726e-02  0.75488
0.92000  1.708e-02  0.75488
0.92050  1.689e-02  0.75488
0.92100  1.671e-02  0.75488
0.92150  1.653e-02  0.75488
0.92200  1.635e-02  0.75488
0.92250  1.617e-02  0.75488
0.92300  1.599e-02  0.75488
0.92350  1.581e-02  0.75488
0.92400  1.563e-02  0.75488
0.92450  1.545e-02  0.75488
0.92500  1.528e-02  0.75488
0.92550  1.510e-02  0.75488
0.92600  1.493e-02  0.75488
0.92650  1.475e-02  0.75488
0.92700  1.458e-02  0.75488
0.92750  1.441e-02  0.75488
0.92800  1.424e-02  0.75488
0.92850  1.407e-02  0.75488
0.92900  1.390e-02  0.75488
0.92950  1.373e-02  0.75488
0.93000  1.356e-02  0.75488
0.93050  1.339e-02  0.75488
0.93100  1.323e-02  0.75488
0.93150  1.306e-02  0.75488
0.93200  1.290e-02  0.75488
0.93250  1.274e-02  0.75488
0.93300  1.257e-02  0.75488
0.93350  1.241e-02  0.75488
0.93400  1.225e-02  0.75488
0.93450  1.209e-02  0.75488
0.93500  1.193e-02  0.75488
0.93550  1.177e-02  0.75488
0.93600  1.162e-02  0.75488
0.93650  1.146e-02  0.75488
0.93700  1.130e-02  0.75488
0.93750  1.115e-02  0.75488
0.93800  1.100e-02  0.75488
0.93850  1.084e-02  0.75488
0.93900  1.069e-02  0.75488
0.93950  1.054e-02  0.75488
0.94000  1.039e-02  0.75488
0.94050  1.024e-02  0.75488
0.94100  1.009e-02  0.75488
0.94150  9.944e-03  0.75488
0.94200  9.796e-03  0.75488
0.94250  9.651e-03  0.75488
0.94300  9.506e-03  0.75488
0.94350  9.361e-03  0.75488
0.94400  9.218e-03  0.75488
0.94450  9.075e-03  0.75488
0.94500  8.934e-03  0.75488
0.94550  8.793e-03  0.75488
0.94600  8.653e-03  0.75488
0.94650  8.515e-03  0.75488
0.94700  8.377e-03  0.75488
0.94750  8.240e-03  0.75488
0.94800  8.104e-03  0.75488
0.94850  7.968e-03  0.75488
0.94900  7.834e-03  0.75488
0.94950  7.700e-03  0.75488
0.95000  7.567e-03  0.75488
0.95050  7.435e-03  0.75488
0.95100  7.305e-03  0.75488
0.95150  7.175e-03  0.75488
0.95200  7.046e-03  0.75488
0.95250  6.918e-03  0.75488
0.95300  6.790e-03  0.75488
0.95350  6.664e-03  0.75488
0.95400  6.539e-03  0.75488
0.95450  6.414e-03  0.75488
0.95500  6.290e-03  0.75488
0.95550  6.168e-03  0.75488
0.95600  6.046e-03  0.75488
0.95650  5.925e-03  0.75488
0.95700  5.805e-03  0.75488
0.95750  5.686e-03  0.75488
0.95800  5.568e-03  0.75488
0.95850  5.451e-03  0.75488
0.95900  5.335e-03  0.75488
0.95950  5.220e-03  0.75488
0.96000  5.105e-03  0.75488
0.96050  4.992e-03  0.75488
0.96100  4.879e-03  0.75488
0.96150  4.768e-03  0.75488
0.96200  4.658e-03  0.75488
0.96250  4.548e-03  0.75488
0.96300  4.439e-03  0.75488
0.96350  4.332e-03  0.75488
0.96400  4.225e-03  0.75488
0.96450  4.119e-03  0.75488
0.96500  4.014e-03  0.75488
0.96550  3.911e-03  0.75488
0.96600  3.808e-03  0.75488
0.96650  3.706e-03  0.75488
0.96700  3.605e-03  0.75488
0.96750  3.506e-03  0.75488
0.96800  3.407e-03  0.75488
0.96850  3.309e-03  0.75488
0.96900  3.212e-03  0.75488
0.96950  3.117e-03  0.75488
0.97000  3.022e-03  0.75488
0.97050  2.928e-03  0.75488
0.97100  2.836e-03  0.75488
0.97150  2.744e-03  0.75488
0.97200  2.654e-03  0.75488
0.97250  2.565e-03  0.75488
0.97300  2.477e-03  0.75488
0.97350  2.390e-03  0.75488
0.97400  2.304e-03  0.75488
0.97450  2.219e-03  0.75488
0.97500  2.136e-03  0.75488
0.97550  2.053e-03  0.75488
0.97600  1.972e-03  0.75488
0.97650  1.893e-03  0.75488
0.97700  1.814e-03  0.75488
0.97750  1.737e-03  0.75488
0.97800  1.662e-03  0.75488
0.97850  1.587e-03  0.75488
0.97900  1.515e-03  0.75488
0.97950  1.443e-03  0.75488
0.98000  1.373e-03  0.75488
0.98050  1.305e-03  0.75488
0.98100  1.238e-03  0.75488
0.98150  1.173e-03  0.75488
0.98200  1.110e-03  0.75488
0.98250  1.048e-03  0.75488
0.98300  9.878e-04  0.75488
0.98350  9.292e-04  0.75488
0.98400  8.723e-04  0.75488
0.98450  8.169e-04  0.75488
0.98500  7.631e-04  0.75488
0.98550  7.108e-04  0.75488
0.98600  6.600e-04  0.75488
0.98650  6.106e-04  0.75488
0.98700  5.627e-04  0.75488
0.98750  5.162e-04  0.75488
0.98800  4.712e-04  0.75488
0.98850  4.276e-04  0.75488
0.98900  3.856e-04  0.75488
0.98950  3.451e-04  0.75488
0.99000  3.063e-04  0.75488
0.99050  2.694e-04  0.75488
0.99100  2.346e-04  0.75488
0.99150  2.019e-04  0.75488
0.99200  1.717e-04  0.75488
0.99250  1.439e-04  0.75488
0.99300  1.188e-04  0.75488
0.99350  9.642e-05  0.75488
0.99400  7.671e-05  0.75488
0.99450  5.969e-05  0.75488
0.99500  4.528e-05  0.75488
0.99550  3.336e-05  0.75488
0.99600  2.377e-05  0.75488
0.99650  1.630e-05  0.75488
0.99700  1.069e-05  0.75488
0.99750  6.654e-06  0.75488
0.99800  3.895e-06  0.75488
0.99850  2.113e-06  0.75488
0.99900  1.043e-06  0.75488
0.99950  4.554e-07  0.75488
1.00000  1.699e-07  0.75488
