# Magnus solar model B23-AGSS09
#
# Reference:  Y. Herrera and A. Serenelli, "Standard Solar Models B23 / SF-III", Zenodo, v1.2 (2023), doi:10.5281/zenodo.10822316; solar composition Asplund et al. (2009), ARA&A, 47, 481
# Source:     https://zenodo.org/records/10822316/files/SolarModels_ICE2023_v1.2.zip
# Original:   SolarModels/struct+nu_SF3_AGSS09.dat
# Retrieved:  2026-09-23
# SHA-256:    382037d76ed35c9b50a4094d3ada3c90284af025c3235b49cda9d932699f87d0 (of SolarModels_ICE2023_v1.2.zip)
# Terms:      Creative Commons Attribution 4.0 International (CC-BY-4.0).
# Modified:   columns extracted only -- radius [R_sun], log10_rho_g_per_cm3, hydrogen mass fraction X --
#             each value copied from the original as written; nothing recomputed or rounded.
#             Built by tools/build_solar_model_tables.py.
# density_column: log10_rho_g_per_cm3
#
# The original header follows, as the authors wrote it:
#
#    #     R_sun        mass_sun           L_sun            logR            logT            logP          logRho          Csound              dm           nu_pp          nu_pep          nu_hep          nu_7Be           nu_8B          nu_13N          nu_15O          nu_17F          log_ne              H1             He4             He3             C12             C13             N14             N15             O16             O17             O18              Ne              Na              Mg              Al              Si               P               S              Cl              Ar               K              Ca              Sc              Ti               V              Cr              Mn              Fe              Co              Ni
#
# r_over_r_sun  log10_rho_g_per_cm3  x_hydrogen
0.000e+00  2.17022e+00  3.62871e-01
5.000e-04  2.17019e+00  3.62900e-01
1.000e-03  2.17018e+00  3.62916e-01
1.500e-03  2.17015e+00  3.62936e-01
2.000e-03  2.17009e+00  3.62981e-01
2.500e-03  2.17002e+00  3.63041e-01
3.000e-03  2.16994e+00  3.63119e-01
3.500e-03  2.16984e+00  3.63210e-01
4.000e-03  2.16972e+00  3.63318e-01
4.500e-03  2.16958e+00  3.63440e-01
5.000e-03  2.16943e+00  3.63576e-01
5.500e-03  2.16926e+00  3.63727e-01
6.000e-03  2.16908e+00  3.63892e-01
6.500e-03  2.16888e+00  3.64073e-01
7.000e-03  2.16867e+00  3.64267e-01
7.500e-03  2.16844e+00  3.64476e-01
8.000e-03  2.16819e+00  3.64699e-01
8.500e-03  2.16793e+00  3.64936e-01
9.000e-03  2.16765e+00  3.65188e-01
9.500e-03  2.16735e+00  3.65454e-01
1.000e-02  2.16705e+00  3.65734e-01
1.050e-02  2.16672e+00  3.66028e-01
1.100e-02  2.16639e+00  3.66335e-01
1.150e-02  2.16602e+00  3.66658e-01
1.200e-02  2.16566e+00  3.66994e-01
1.250e-02  2.16527e+00  3.67344e-01
1.300e-02  2.16487e+00  3.67708e-01
1.350e-02  2.16445e+00  3.68085e-01
1.400e-02  2.16402e+00  3.68477e-01
1.450e-02  2.16357e+00  3.68882e-01
1.500e-02  2.16311e+00  3.69302e-01
1.550e-02  2.16263e+00  3.69734e-01
1.600e-02  2.16214e+00  3.70180e-01
1.650e-02  2.16163e+00  3.70640e-01
1.700e-02  2.16111e+00  3.71113e-01
1.750e-02  2.16056e+00  3.71599e-01
1.800e-02  2.16001e+00  3.72099e-01
1.850e-02  2.15945e+00  3.72612e-01
1.900e-02  2.15887e+00  3.73138e-01
1.950e-02  2.15827e+00  3.73678e-01
2.000e-02  2.15766e+00  3.74230e-01
2.050e-02  2.15703e+00  3.74795e-01
2.100e-02  2.15639e+00  3.75373e-01
2.150e-02  2.15573e+00  3.75965e-01
2.200e-02  2.15507e+00  3.76568e-01
2.250e-02  2.15439e+00  3.77185e-01
2.300e-02  2.15369e+00  3.77814e-01
2.350e-02  2.15297e+00  3.78455e-01
2.400e-02  2.15225e+00  3.79109e-01
2.450e-02  2.15151e+00  3.79775e-01
2.500e-02  2.15075e+00  3.80453e-01
2.550e-02  2.14999e+00  3.81144e-01
2.600e-02  2.14921e+00  3.81846e-01
2.650e-02  2.14842e+00  3.82560e-01
2.700e-02  2.14761e+00  3.83286e-01
2.750e-02  2.14679e+00  3.84025e-01
2.800e-02  2.14596e+00  3.84774e-01
2.850e-02  2.14511e+00  3.85535e-01
2.900e-02  2.14425e+00  3.86308e-01
2.950e-02  2.14338e+00  3.87091e-01
3.000e-02  2.14249e+00  3.87887e-01
3.050e-02  2.14160e+00  3.88694e-01
3.100e-02  2.14068e+00  3.89510e-01
3.150e-02  2.13976e+00  3.90339e-01
3.200e-02  2.13882e+00  3.91178e-01
3.250e-02  2.13787e+00  3.92028e-01
3.300e-02  2.13691e+00  3.92888e-01
3.350e-02  2.13593e+00  3.93759e-01
3.400e-02  2.13495e+00  3.94641e-01
3.450e-02  2.13395e+00  3.95532e-01
3.500e-02  2.13295e+00  3.96434e-01
3.550e-02  2.13193e+00  3.97346e-01
3.600e-02  2.13088e+00  3.98268e-01
3.650e-02  2.12984e+00  3.99199e-01
3.700e-02  2.12878e+00  4.00141e-01
3.750e-02  2.12771e+00  4.01092e-01
3.800e-02  2.12664e+00  4.02052e-01
3.850e-02  2.12554e+00  4.03021e-01
3.900e-02  2.12444e+00  4.04000e-01
3.950e-02  2.12333e+00  4.04988e-01
4.000e-02  2.12219e+00  4.05985e-01
4.050e-02  2.12106e+00  4.06991e-01
4.100e-02  2.11991e+00  4.08005e-01
4.150e-02  2.11874e+00  4.09028e-01
4.200e-02  2.11758e+00  4.10060e-01
4.250e-02  2.11640e+00  4.11100e-01
4.300e-02  2.11521e+00  4.12147e-01
4.350e-02  2.11401e+00  4.13204e-01
4.400e-02  2.11279e+00  4.14267e-01
4.450e-02  2.11157e+00  4.15339e-01
4.500e-02  2.11034e+00  4.16419e-01
4.550e-02  2.10910e+00  4.17506e-01
4.600e-02  2.10784e+00  4.18600e-01
4.650e-02  2.10659e+00  4.19703e-01
4.700e-02  2.10532e+00  4.20812e-01
4.750e-02  2.10404e+00  4.21928e-01
4.800e-02  2.10275e+00  4.23052e-01
4.850e-02  2.10145e+00  4.24182e-01
4.900e-02  2.10014e+00  4.25320e-01
4.950e-02  2.09883e+00  4.26463e-01
5.000e-02  2.09751e+00  4.27612e-01
5.050e-02  2.09618e+00  4.28769e-01
5.100e-02  2.09483e+00  4.29932e-01
5.150e-02  2.09348e+00  4.31100e-01
5.200e-02  2.09212e+00  4.32274e-01
5.250e-02  2.09076e+00  4.33454e-01
5.300e-02  2.08938e+00  4.34639e-01
5.350e-02  2.08800e+00  4.35830e-01
5.400e-02  2.08661e+00  4.37027e-01
5.450e-02  2.08521e+00  4.38230e-01
5.500e-02  2.08380e+00  4.39437e-01
5.550e-02  2.08238e+00  4.40649e-01
5.600e-02  2.08096e+00  4.41866e-01
5.650e-02  2.07953e+00  4.43089e-01
5.700e-02  2.07809e+00  4.44316e-01
5.750e-02  2.07665e+00  4.45547e-01
5.800e-02  2.07519e+00  4.46783e-01
5.850e-02  2.07373e+00  4.48023e-01
5.900e-02  2.07227e+00  4.49267e-01
5.950e-02  2.07080e+00  4.50515e-01
6.000e-02  2.06931e+00  4.51768e-01
6.050e-02  2.06782e+00  4.53024e-01
6.100e-02  2.06632e+00  4.54284e-01
6.150e-02  2.06483e+00  4.55547e-01
6.200e-02  2.06333e+00  4.56814e-01
6.250e-02  2.06181e+00  4.58083e-01
6.300e-02  2.06029e+00  4.59356e-01
6.350e-02  2.05876e+00  4.60633e-01
6.400e-02  2.05723e+00  4.61912e-01
6.450e-02  2.05570e+00  4.63194e-01
6.500e-02  2.05415e+00  4.64479e-01
6.550e-02  2.05259e+00  4.65767e-01
6.600e-02  2.05104e+00  4.67057e-01
6.650e-02  2.04947e+00  4.68350e-01
6.700e-02  2.04790e+00  4.69645e-01
6.750e-02  2.04633e+00  4.70942e-01
6.800e-02  2.04475e+00  4.72241e-01
6.850e-02  2.04317e+00  4.73542e-01
6.900e-02  2.04158e+00  4.74844e-01
6.950e-02  2.03999e+00  4.76149e-01
7.000e-02  2.03839e+00  4.77455e-01
7.050e-02  2.03678e+00  4.78763e-01
7.100e-02  2.03517e+00  4.80071e-01
7.150e-02  2.03355e+00  4.81381e-01
7.200e-02  2.03193e+00  4.82692e-01
7.250e-02  2.03030e+00  4.84004e-01
7.300e-02  2.02867e+00  4.85317e-01
7.350e-02  2.02704e+00  4.86631e-01
7.400e-02  2.02540e+00  4.87945e-01
7.450e-02  2.02376e+00  4.89261e-01
7.500e-02  2.02211e+00  4.90576e-01
7.550e-02  2.02045e+00  4.91892e-01
7.600e-02  2.01880e+00  4.93209e-01
7.650e-02  2.01714e+00  4.94525e-01
7.700e-02  2.01547e+00  4.95841e-01
7.750e-02  2.01380e+00  4.97158e-01
7.800e-02  2.01213e+00  4.98474e-01
7.850e-02  2.01045e+00  4.99790e-01
7.900e-02  2.00877e+00  5.01105e-01
7.950e-02  2.00709e+00  5.02420e-01
8.000e-02  2.00539e+00  5.03734e-01
8.050e-02  2.00370e+00  5.05048e-01
8.100e-02  2.00200e+00  5.06360e-01
8.150e-02  2.00030e+00  5.07672e-01
8.200e-02  1.99860e+00  5.08983e-01
8.250e-02  1.99690e+00  5.10293e-01
8.300e-02  1.99518e+00  5.11601e-01
8.350e-02  1.99347e+00  5.12908e-01
8.400e-02  1.99176e+00  5.14214e-01
8.450e-02  1.99003e+00  5.15518e-01
8.500e-02  1.98831e+00  5.16820e-01
8.550e-02  1.98658e+00  5.18121e-01
8.600e-02  1.98485e+00  5.19420e-01
8.650e-02  1.98312e+00  5.20717e-01
8.700e-02  1.98138e+00  5.22012e-01
8.750e-02  1.97964e+00  5.23305e-01
8.800e-02  1.97790e+00  5.24596e-01
8.850e-02  1.97615e+00  5.25885e-01
8.900e-02  1.97441e+00  5.27171e-01
8.950e-02  1.97266e+00  5.28456e-01
9.000e-02  1.97091e+00  5.29737e-01
9.050e-02  1.96915e+00  5.31016e-01
9.100e-02  1.96740e+00  5.32292e-01
9.150e-02  1.96563e+00  5.33566e-01
9.200e-02  1.96387e+00  5.34837e-01
9.250e-02  1.96210e+00  5.36104e-01
9.300e-02  1.96033e+00  5.37369e-01
9.350e-02  1.95856e+00  5.38632e-01
9.400e-02  1.95679e+00  5.39891e-01
9.450e-02  1.95502e+00  5.41146e-01
9.500e-02  1.95324e+00  5.42399e-01
9.550e-02  1.95146e+00  5.43649e-01
9.600e-02  1.94967e+00  5.44895e-01
9.650e-02  1.94789e+00  5.46138e-01
9.700e-02  1.94611e+00  5.47376e-01
9.750e-02  1.94431e+00  5.48612e-01
9.800e-02  1.94252e+00  5.49845e-01
9.850e-02  1.94073e+00  5.51072e-01
9.900e-02  1.93894e+00  5.52297e-01
9.950e-02  1.93714e+00  5.53518e-01
1.000e-01  1.93534e+00  5.54736e-01
1.005e-01  1.93354e+00  5.55949e-01
1.010e-01  1.93174e+00  5.57159e-01
1.015e-01  1.92993e+00  5.58364e-01
1.020e-01  1.92813e+00  5.59565e-01
1.025e-01  1.92632e+00  5.60762e-01
1.030e-01  1.92451e+00  5.61955e-01
1.035e-01  1.92270e+00  5.63144e-01
1.040e-01  1.92088e+00  5.64330e-01
1.045e-01  1.91907e+00  5.65511e-01
1.050e-01  1.91725e+00  5.66687e-01
1.055e-01  1.91543e+00  5.67859e-01
1.060e-01  1.91361e+00  5.69026e-01
1.065e-01  1.91179e+00  5.70190e-01
1.070e-01  1.90996e+00  5.71349e-01
1.075e-01  1.90813e+00  5.72502e-01
1.080e-01  1.90631e+00  5.73651e-01
1.085e-01  1.90448e+00  5.74796e-01
1.090e-01  1.90265e+00  5.75937e-01
1.095e-01  1.90081e+00  5.77072e-01
1.100e-01  1.89898e+00  5.78202e-01
1.105e-01  1.89715e+00  5.79329e-01
1.110e-01  1.89531e+00  5.80450e-01
1.115e-01  1.89347e+00  5.81567e-01
1.120e-01  1.89163e+00  5.82678e-01
1.125e-01  1.88980e+00  5.83784e-01
1.130e-01  1.88795e+00  5.84887e-01
1.135e-01  1.88611e+00  5.85985e-01
1.140e-01  1.88426e+00  5.87077e-01
1.145e-01  1.88241e+00  5.88164e-01
1.150e-01  1.88056e+00  5.89245e-01
1.155e-01  1.87871e+00  5.90320e-01
1.160e-01  1.87686e+00  5.91392e-01
1.165e-01  1.87501e+00  5.92458e-01
1.170e-01  1.87315e+00  5.93520e-01
1.175e-01  1.87129e+00  5.94575e-01
1.180e-01  1.86944e+00  5.95626e-01
1.185e-01  1.86758e+00  5.96673e-01
1.190e-01  1.86572e+00  5.97712e-01
1.195e-01  1.86386e+00  5.98748e-01
1.200e-01  1.86200e+00  5.99779e-01
1.205e-01  1.86013e+00  6.00802e-01
1.210e-01  1.85827e+00  6.01819e-01
1.215e-01  1.85641e+00  6.02833e-01
1.220e-01  1.85454e+00  6.03843e-01
1.225e-01  1.85266e+00  6.04847e-01
1.230e-01  1.85079e+00  6.05843e-01
1.235e-01  1.84892e+00  6.06834e-01
1.240e-01  1.84705e+00  6.07822e-01
1.245e-01  1.84517e+00  6.08802e-01
1.250e-01  1.84329e+00  6.09777e-01
1.255e-01  1.84142e+00  6.10748e-01
1.260e-01  1.83954e+00  6.11712e-01
1.265e-01  1.83766e+00  6.12671e-01
1.270e-01  1.83577e+00  6.13624e-01
1.275e-01  1.83389e+00  6.14572e-01
1.280e-01  1.83201e+00  6.15514e-01
1.285e-01  1.83012e+00  6.16451e-01
1.290e-01  1.82824e+00  6.17383e-01
1.295e-01  1.82635e+00  6.18309e-01
1.300e-01  1.82445e+00  6.19230e-01
1.305e-01  1.82256e+00  6.20144e-01
1.310e-01  1.82067e+00  6.21053e-01
1.315e-01  1.81878e+00  6.21956e-01
1.320e-01  1.81689e+00  6.22854e-01
1.325e-01  1.81499e+00  6.23747e-01
1.330e-01  1.81309e+00  6.24635e-01
1.335e-01  1.81120e+00  6.25515e-01
1.340e-01  1.80930e+00  6.26390e-01
1.345e-01  1.80740e+00  6.27260e-01
1.350e-01  1.80549e+00  6.28126e-01
1.355e-01  1.80360e+00  6.28985e-01
1.360e-01  1.80169e+00  6.29838e-01
1.365e-01  1.79979e+00  6.30685e-01
1.370e-01  1.79788e+00  6.31528e-01
1.375e-01  1.79596e+00  6.32366e-01
1.380e-01  1.79406e+00  6.33198e-01
1.385e-01  1.79215e+00  6.34023e-01
1.390e-01  1.79024e+00  6.34844e-01
1.395e-01  1.78832e+00  6.35659e-01
1.400e-01  1.78641e+00  6.36469e-01
1.405e-01  1.78449e+00  6.37273e-01
1.410e-01  1.78258e+00  6.38072e-01
1.415e-01  1.78065e+00  6.38865e-01
1.420e-01  1.77873e+00  6.39653e-01
1.425e-01  1.77682e+00  6.40435e-01
1.430e-01  1.77490e+00  6.41213e-01
1.435e-01  1.77298e+00  6.41985e-01
1.440e-01  1.77105e+00  6.42752e-01
1.445e-01  1.76912e+00  6.43513e-01
1.450e-01  1.76719e+00  6.44269e-01
1.455e-01  1.76527e+00  6.45019e-01
1.460e-01  1.76334e+00  6.45765e-01
1.465e-01  1.76140e+00  6.46506e-01
1.470e-01  1.75947e+00  6.47240e-01
1.475e-01  1.75753e+00  6.47970e-01
1.480e-01  1.75560e+00  6.48695e-01
1.485e-01  1.75366e+00  6.49415e-01
1.490e-01  1.75172e+00  6.50129e-01
1.495e-01  1.74978e+00  6.50838e-01
1.500e-01  1.74784e+00  6.51542e-01
1.505e-01  1.74590e+00  6.52241e-01
1.510e-01  1.74395e+00  6.52936e-01
1.515e-01  1.74200e+00  6.53624e-01
1.520e-01  1.74004e+00  6.54308e-01
1.525e-01  1.73810e+00  6.54987e-01
1.530e-01  1.73615e+00  6.55660e-01
1.535e-01  1.73419e+00  6.56329e-01
1.540e-01  1.73225e+00  6.56993e-01
1.545e-01  1.73029e+00  6.57651e-01
1.550e-01  1.72833e+00  6.58304e-01
1.555e-01  1.72637e+00  6.58953e-01
1.560e-01  1.72441e+00  6.59597e-01
1.565e-01  1.72244e+00  6.60236e-01
1.570e-01  1.72048e+00  6.60869e-01
1.575e-01  1.71851e+00  6.61497e-01
1.580e-01  1.71654e+00  6.62122e-01
1.585e-01  1.71457e+00  6.62741e-01
1.590e-01  1.71261e+00  6.63354e-01
1.595e-01  1.71064e+00  6.63963e-01
1.600e-01  1.70866e+00  6.64568e-01
1.605e-01  1.70668e+00  6.65167e-01
1.610e-01  1.70471e+00  6.65761e-01
1.615e-01  1.70273e+00  6.66351e-01
1.620e-01  1.70075e+00  6.66936e-01
1.625e-01  1.69876e+00  6.67516e-01
1.630e-01  1.69678e+00  6.68091e-01
1.635e-01  1.69480e+00  6.68661e-01
1.640e-01  1.69281e+00  6.69227e-01
1.645e-01  1.69083e+00  6.69787e-01
1.650e-01  1.68884e+00  6.70343e-01
1.655e-01  1.68684e+00  6.70894e-01
1.660e-01  1.68485e+00  6.71441e-01
1.665e-01  1.68285e+00  6.71982e-01
1.670e-01  1.68085e+00  6.72519e-01
1.675e-01  1.67885e+00  6.73052e-01
1.680e-01  1.67685e+00  6.73580e-01
1.685e-01  1.67485e+00  6.74102e-01
1.690e-01  1.67285e+00  6.74620e-01
1.695e-01  1.67084e+00  6.75135e-01
1.700e-01  1.66883e+00  6.75644e-01
1.705e-01  1.66682e+00  6.76149e-01
1.710e-01  1.66481e+00  6.76650e-01
1.715e-01  1.66279e+00  6.77146e-01
1.720e-01  1.66078e+00  6.77637e-01
1.725e-01  1.65876e+00  6.78124e-01
1.730e-01  1.65674e+00  6.78606e-01
1.735e-01  1.65472e+00  6.79084e-01
1.740e-01  1.65271e+00  6.79558e-01
1.745e-01  1.65069e+00  6.80027e-01
1.750e-01  1.64866e+00  6.80493e-01
1.755e-01  1.64663e+00  6.80953e-01
1.760e-01  1.64460e+00  6.81410e-01
1.765e-01  1.64257e+00  6.81862e-01
1.770e-01  1.64054e+00  6.82310e-01
1.775e-01  1.63850e+00  6.82754e-01
1.780e-01  1.63646e+00  6.83193e-01
1.785e-01  1.63443e+00  6.83629e-01
1.790e-01  1.63239e+00  6.84061e-01
1.795e-01  1.63034e+00  6.84489e-01
1.800e-01  1.62830e+00  6.84912e-01
1.805e-01  1.62626e+00  6.85331e-01
1.810e-01  1.62421e+00  6.85747e-01
1.815e-01  1.62216e+00  6.86159e-01
1.820e-01  1.62011e+00  6.86567e-01
1.825e-01  1.61806e+00  6.86970e-01
1.830e-01  1.61600e+00  6.87369e-01
1.835e-01  1.61394e+00  6.87765e-01
1.840e-01  1.61188e+00  6.88158e-01
1.845e-01  1.60983e+00  6.88547e-01
1.850e-01  1.60777e+00  6.88931e-01
1.855e-01  1.60570e+00  6.89312e-01
1.860e-01  1.60364e+00  6.89689e-01
1.865e-01  1.60157e+00  6.90063e-01
1.870e-01  1.59950e+00  6.90432e-01
1.875e-01  1.59742e+00  6.90799e-01
1.880e-01  1.59535e+00  6.91162e-01
1.885e-01  1.59327e+00  6.91522e-01
1.890e-01  1.59119e+00  6.91877e-01
1.895e-01  1.58912e+00  6.92229e-01
1.900e-01  1.58703e+00  6.92578e-01
1.905e-01  1.58494e+00  6.92924e-01
1.910e-01  1.58286e+00  6.93265e-01
1.915e-01  1.58077e+00  6.93604e-01
1.920e-01  1.57868e+00  6.93939e-01
1.925e-01  1.57659e+00  6.94271e-01
1.930e-01  1.57450e+00  6.94599e-01
1.935e-01  1.57240e+00  6.94925e-01
1.940e-01  1.57030e+00  6.95247e-01
1.945e-01  1.56820e+00  6.95566e-01
1.950e-01  1.56610e+00  6.95882e-01
1.955e-01  1.56400e+00  6.96194e-01
1.960e-01  1.56189e+00  6.96504e-01
1.965e-01  1.55979e+00  6.96810e-01
1.970e-01  1.55768e+00  6.97113e-01
1.975e-01  1.55556e+00  6.97413e-01
1.980e-01  1.55345e+00  6.97710e-01
1.985e-01  1.55133e+00  6.98005e-01
1.990e-01  1.54922e+00  6.98296e-01
1.995e-01  1.54710e+00  6.98585e-01
2.000e-01  1.54497e+00  6.98870e-01
2.005e-01  1.54285e+00  6.99152e-01
2.010e-01  1.54073e+00  6.99432e-01
2.015e-01  1.53860e+00  6.99709e-01
2.020e-01  1.53647e+00  6.99982e-01
2.025e-01  1.53433e+00  7.00253e-01
2.030e-01  1.53220e+00  7.00521e-01
2.035e-01  1.53007e+00  7.00787e-01
2.040e-01  1.52793e+00  7.01049e-01
2.045e-01  1.52579e+00  7.01310e-01
2.050e-01  1.52365e+00  7.01567e-01
2.055e-01  1.52150e+00  7.01822e-01
2.060e-01  1.51936e+00  7.02074e-01
2.065e-01  1.51721e+00  7.02323e-01
2.070e-01  1.51506e+00  7.02570e-01
2.075e-01  1.51291e+00  7.02814e-01
2.080e-01  1.51075e+00  7.03056e-01
2.085e-01  1.50860e+00  7.03295e-01
2.090e-01  1.50644e+00  7.03532e-01
2.095e-01  1.50428e+00  7.03765e-01
2.100e-01  1.50212e+00  7.03997e-01
2.105e-01  1.49996e+00  7.04227e-01
2.110e-01  1.49779e+00  7.04454e-01
2.115e-01  1.49562e+00  7.04678e-01
2.120e-01  1.49345e+00  7.04900e-01
2.125e-01  1.49127e+00  7.05120e-01
2.130e-01  1.48910e+00  7.05338e-01
2.135e-01  1.48693e+00  7.05554e-01
2.140e-01  1.48475e+00  7.05767e-01
2.145e-01  1.48257e+00  7.05977e-01
2.150e-01  1.48039e+00  7.06185e-01
2.155e-01  1.47820e+00  7.06391e-01
2.160e-01  1.47602e+00  7.06594e-01
2.165e-01  1.47383e+00  7.06796e-01
2.170e-01  1.47164e+00  7.06995e-01
2.175e-01  1.46945e+00  7.07193e-01
2.180e-01  1.46726e+00  7.07388e-01
2.185e-01  1.46506e+00  7.07582e-01
2.190e-01  1.46286e+00  7.07773e-01
2.195e-01  1.46066e+00  7.07963e-01
2.200e-01  1.45845e+00  7.08150e-01
2.205e-01  1.45625e+00  7.08335e-01
2.210e-01  1.45405e+00  7.08518e-01
2.215e-01  1.45185e+00  7.08699e-01
2.220e-01  1.44964e+00  7.08878e-01
2.225e-01  1.44743e+00  7.09055e-01
2.230e-01  1.44522e+00  7.09230e-01
2.235e-01  1.44300e+00  7.09404e-01
2.240e-01  1.44078e+00  7.09575e-01
2.245e-01  1.43856e+00  7.09744e-01
2.250e-01  1.43634e+00  7.09912e-01
2.255e-01  1.43411e+00  7.10078e-01
2.260e-01  1.43189e+00  7.10242e-01
2.265e-01  1.42966e+00  7.10404e-01
2.270e-01  1.42744e+00  7.10564e-01
2.275e-01  1.42521e+00  7.10723e-01
2.280e-01  1.42297e+00  7.10880e-01
2.285e-01  1.42074e+00  7.11035e-01
2.290e-01  1.41851e+00  7.11188e-01
2.295e-01  1.41627e+00  7.11340e-01
2.300e-01  1.41403e+00  7.11490e-01
2.305e-01  1.41179e+00  7.11639e-01
2.310e-01  1.40955e+00  7.11785e-01
2.315e-01  1.40730e+00  7.11930e-01
2.320e-01  1.40505e+00  7.12074e-01
2.325e-01  1.40280e+00  7.12215e-01
2.330e-01  1.40055e+00  7.12355e-01
2.335e-01  1.39830e+00  7.12493e-01
2.340e-01  1.39604e+00  7.12629e-01
2.345e-01  1.39379e+00  7.12764e-01
2.350e-01  1.39153e+00  7.12897e-01
2.355e-01  1.38927e+00  7.13029e-01
2.360e-01  1.38700e+00  7.13159e-01
2.365e-01  1.38474e+00  7.13288e-01
2.370e-01  1.38248e+00  7.13416e-01
2.375e-01  1.38021e+00  7.13543e-01
2.380e-01  1.37794e+00  7.13668e-01
2.385e-01  1.37567e+00  7.13791e-01
2.390e-01  1.37340e+00  7.13913e-01
2.395e-01  1.37113e+00  7.14034e-01
2.400e-01  1.36885e+00  7.14153e-01
2.405e-01  1.36657e+00  7.14270e-01
2.410e-01  1.36429e+00  7.14387e-01
2.415e-01  1.36201e+00  7.14502e-01
2.420e-01  1.35973e+00  7.14615e-01
2.425e-01  1.35745e+00  7.14728e-01
2.430e-01  1.35516e+00  7.14839e-01
2.435e-01  1.35288e+00  7.14948e-01
2.440e-01  1.35059e+00  7.15057e-01
2.445e-01  1.34829e+00  7.15164e-01
2.450e-01  1.34600e+00  7.15269e-01
2.455e-01  1.34371e+00  7.15374e-01
2.460e-01  1.34141e+00  7.15477e-01
2.465e-01  1.33911e+00  7.15579e-01
2.470e-01  1.33681e+00  7.15679e-01
2.475e-01  1.33451e+00  7.15779e-01
2.480e-01  1.33221e+00  7.15877e-01
2.485e-01  1.32991e+00  7.15973e-01
2.490e-01  1.32760e+00  7.16069e-01
2.495e-01  1.32530e+00  7.16163e-01
2.500e-01  1.32299e+00  7.16256e-01
2.505e-01  1.32068e+00  7.16348e-01
2.510e-01  1.31837e+00  7.16438e-01
2.515e-01  1.31605e+00  7.16528e-01
2.520e-01  1.31374e+00  7.16616e-01
2.525e-01  1.31142e+00  7.16704e-01
2.530e-01  1.30910e+00  7.16790e-01
2.535e-01  1.30678e+00  7.16876e-01
2.540e-01  1.30446e+00  7.16960e-01
2.545e-01  1.30214e+00  7.17043e-01
2.550e-01  1.29981e+00  7.17126e-01
2.555e-01  1.29749e+00  7.17207e-01
2.560e-01  1.29516e+00  7.17288e-01
2.565e-01  1.29283e+00  7.17368e-01
2.570e-01  1.29050e+00  7.17447e-01
2.575e-01  1.28817e+00  7.17525e-01
2.580e-01  1.28583e+00  7.17602e-01
2.585e-01  1.28350e+00  7.17678e-01
2.590e-01  1.28116e+00  7.17753e-01
2.595e-01  1.27883e+00  7.17827e-01
2.600e-01  1.27649e+00  7.17900e-01
2.605e-01  1.27415e+00  7.17972e-01
2.610e-01  1.27181e+00  7.18043e-01
2.615e-01  1.26947e+00  7.18114e-01
2.620e-01  1.26712e+00  7.18184e-01
2.625e-01  1.26478e+00  7.18253e-01
2.630e-01  1.26243e+00  7.18322e-01
2.635e-01  1.26008e+00  7.18391e-01
2.640e-01  1.25773e+00  7.18459e-01
2.645e-01  1.25537e+00  7.18527e-01
2.650e-01  1.25302e+00  7.18594e-01
2.655e-01  1.25066e+00  7.18660e-01
2.660e-01  1.24831e+00  7.18726e-01
2.665e-01  1.24595e+00  7.18792e-01
2.670e-01  1.24359e+00  7.18857e-01
2.675e-01  1.24123e+00  7.18921e-01
2.680e-01  1.23887e+00  7.18985e-01
2.685e-01  1.23651e+00  7.19049e-01
2.690e-01  1.23414e+00  7.19112e-01
2.695e-01  1.23178e+00  7.19176e-01
2.700e-01  1.22941e+00  7.19238e-01
2.705e-01  1.22704e+00  7.19301e-01
2.710e-01  1.22467e+00  7.19363e-01
2.715e-01  1.22230e+00  7.19424e-01
2.720e-01  1.21993e+00  7.19485e-01
2.725e-01  1.21756e+00  7.19545e-01
2.730e-01  1.21518e+00  7.19605e-01
2.735e-01  1.21280e+00  7.19664e-01
2.740e-01  1.21042e+00  7.19723e-01
2.745e-01  1.20805e+00  7.19782e-01
2.750e-01  1.20566e+00  7.19840e-01
2.755e-01  1.20328e+00  7.19898e-01
2.760e-01  1.20090e+00  7.19956e-01
2.765e-01  1.19852e+00  7.20014e-01
2.770e-01  1.19613e+00  7.20071e-01
2.775e-01  1.19375e+00  7.20129e-01
2.780e-01  1.19136e+00  7.20186e-01
2.785e-01  1.18897e+00  7.20243e-01
2.790e-01  1.18658e+00  7.20301e-01
2.795e-01  1.18419e+00  7.20358e-01
2.800e-01  1.18180e+00  7.20415e-01
2.805e-01  1.17941e+00  7.20473e-01
2.810e-01  1.17701e+00  7.20531e-01
2.815e-01  1.17461e+00  7.20588e-01
2.820e-01  1.17222e+00  7.20646e-01
2.825e-01  1.16981e+00  7.20704e-01
2.830e-01  1.16741e+00  7.20762e-01
2.835e-01  1.16501e+00  7.20820e-01
2.840e-01  1.16261e+00  7.20877e-01
2.845e-01  1.16020e+00  7.20934e-01
2.850e-01  1.15780e+00  7.20991e-01
2.855e-01  1.15539e+00  7.21047e-01
2.860e-01  1.15299e+00  7.21103e-01
2.865e-01  1.15058e+00  7.21158e-01
2.870e-01  1.14817e+00  7.21213e-01
2.875e-01  1.14576e+00  7.21267e-01
2.880e-01  1.14336e+00  7.21321e-01
2.885e-01  1.14095e+00  7.21376e-01
2.890e-01  1.13854e+00  7.21429e-01
2.895e-01  1.13612e+00  7.21483e-01
2.900e-01  1.13371e+00  7.21537e-01
2.905e-01  1.13129e+00  7.21591e-01
2.910e-01  1.12888e+00  7.21645e-01
2.915e-01  1.12646e+00  7.21699e-01
2.920e-01  1.12404e+00  7.21753e-01
2.925e-01  1.12162e+00  7.21807e-01
2.930e-01  1.11919e+00  7.21860e-01
2.935e-01  1.11677e+00  7.21914e-01
2.940e-01  1.11435e+00  7.21967e-01
2.945e-01  1.11193e+00  7.22021e-01
2.950e-01  1.10951e+00  7.22074e-01
2.955e-01  1.10708e+00  7.22126e-01
2.960e-01  1.10466e+00  7.22179e-01
2.965e-01  1.10224e+00  7.22230e-01
2.970e-01  1.09981e+00  7.22281e-01
2.975e-01  1.09738e+00  7.22332e-01
2.980e-01  1.09496e+00  7.22382e-01
2.985e-01  1.09253e+00  7.22431e-01
2.990e-01  1.09010e+00  7.22481e-01
2.995e-01  1.08767e+00  7.22530e-01
3.000e-01  1.08523e+00  7.22578e-01
3.005e-01  1.08280e+00  7.22627e-01
3.010e-01  1.08037e+00  7.22676e-01
3.015e-01  1.07794e+00  7.22724e-01
3.020e-01  1.07550e+00  7.22772e-01
3.025e-01  1.07307e+00  7.22820e-01
3.030e-01  1.07063e+00  7.22867e-01
3.035e-01  1.06820e+00  7.22914e-01
3.040e-01  1.06576e+00  7.22960e-01
3.045e-01  1.06333e+00  7.23005e-01
3.050e-01  1.06089e+00  7.23050e-01
3.055e-01  1.05845e+00  7.23094e-01
3.060e-01  1.05601e+00  7.23138e-01
3.065e-01  1.05358e+00  7.23181e-01
3.070e-01  1.05114e+00  7.23225e-01
3.075e-01  1.04870e+00  7.23268e-01
3.080e-01  1.04626e+00  7.23311e-01
3.085e-01  1.04382e+00  7.23354e-01
3.090e-01  1.04137e+00  7.23396e-01
3.095e-01  1.03893e+00  7.23439e-01
3.100e-01  1.03649e+00  7.23481e-01
3.105e-01  1.03405e+00  7.23523e-01
3.110e-01  1.03160e+00  7.23565e-01
3.115e-01  1.02916e+00  7.23606e-01
3.120e-01  1.02671e+00  7.23647e-01
3.125e-01  1.02427e+00  7.23687e-01
3.130e-01  1.02182e+00  7.23727e-01
3.135e-01  1.01938e+00  7.23767e-01
3.140e-01  1.01693e+00  7.23806e-01
3.145e-01  1.01448e+00  7.23844e-01
3.150e-01  1.01203e+00  7.23883e-01
3.155e-01  1.00959e+00  7.23922e-01
3.160e-01  1.00714e+00  7.23960e-01
3.165e-01  1.00469e+00  7.23999e-01
3.170e-01  1.00224e+00  7.24038e-01
3.175e-01  9.99792e-01  7.24076e-01
3.180e-01  9.97342e-01  7.24114e-01
3.185e-01  9.94893e-01  7.24151e-01
3.190e-01  9.92444e-01  7.24188e-01
3.195e-01  9.89994e-01  7.24224e-01
3.200e-01  9.87544e-01  7.24259e-01
3.205e-01  9.85095e-01  7.24294e-01
3.210e-01  9.82645e-01  7.24328e-01
3.215e-01  9.80194e-01  7.24362e-01
3.220e-01  9.77744e-01  7.24396e-01
3.225e-01  9.75293e-01  7.24429e-01
3.230e-01  9.72841e-01  7.24463e-01
3.235e-01  9.70389e-01  7.24496e-01
3.240e-01  9.67936e-01  7.24530e-01
3.245e-01  9.65483e-01  7.24564e-01
3.250e-01  9.63030e-01  7.24598e-01
3.255e-01  9.60576e-01  7.24632e-01
3.260e-01  9.58122e-01  7.24665e-01
3.265e-01  9.55667e-01  7.24699e-01
3.270e-01  9.53213e-01  7.24731e-01
3.275e-01  9.50759e-01  7.24764e-01
3.280e-01  9.48306e-01  7.24795e-01
3.285e-01  9.45852e-01  7.24827e-01
3.290e-01  9.43398e-01  7.24857e-01
3.295e-01  9.40944e-01  7.24888e-01
3.300e-01  9.38491e-01  7.24918e-01
3.305e-01  9.36037e-01  7.24948e-01
3.310e-01  9.33582e-01  7.24978e-01
3.315e-01  9.31127e-01  7.25008e-01
3.320e-01  9.28672e-01  7.25038e-01
3.325e-01  9.26217e-01  7.25068e-01
3.330e-01  9.23761e-01  7.25099e-01
3.335e-01  9.21304e-01  7.25129e-01
3.340e-01  9.18848e-01  7.25159e-01
3.345e-01  9.16392e-01  7.25189e-01
3.350e-01  9.13936e-01  7.25219e-01
3.355e-01  9.11480e-01  7.25248e-01
3.360e-01  9.09025e-01  7.25277e-01
3.365e-01  9.06569e-01  7.25305e-01
3.370e-01  9.04113e-01  7.25334e-01
3.375e-01  9.01658e-01  7.25362e-01
3.380e-01  8.99202e-01  7.25390e-01
3.385e-01  8.96746e-01  7.25418e-01
3.390e-01  8.94290e-01  7.25445e-01
3.395e-01  8.91834e-01  7.25472e-01
3.400e-01  8.89377e-01  7.25500e-01
3.405e-01  8.86921e-01  7.25527e-01
3.410e-01  8.84465e-01  7.25554e-01
3.415e-01  8.82008e-01  7.25582e-01
3.420e-01  8.79552e-01  7.25609e-01
3.425e-01  8.77096e-01  7.25636e-01
3.430e-01  8.74640e-01  7.25662e-01
3.435e-01  8.72184e-01  7.25688e-01
3.440e-01  8.69728e-01  7.25713e-01
3.445e-01  8.67273e-01  7.25737e-01
3.450e-01  8.64818e-01  7.25762e-01
3.455e-01  8.62363e-01  7.25785e-01
3.460e-01  8.59909e-01  7.25809e-01
3.465e-01  8.57454e-01  7.25833e-01
3.470e-01  8.55000e-01  7.25856e-01
3.475e-01  8.52546e-01  7.25880e-01
3.480e-01  8.50092e-01  7.25903e-01
3.485e-01  8.47638e-01  7.25927e-01
3.490e-01  8.45184e-01  7.25951e-01
3.495e-01  8.42730e-01  7.25976e-01
3.500e-01  8.40276e-01  7.26000e-01
3.505e-01  8.37822e-01  7.26024e-01
3.510e-01  8.35368e-01  7.26048e-01
3.515e-01  8.32914e-01  7.26072e-01
3.520e-01  8.30461e-01  7.26096e-01
3.525e-01  8.28008e-01  7.26119e-01
3.530e-01  8.25554e-01  7.26142e-01
3.535e-01  8.23101e-01  7.26165e-01
3.540e-01  8.20648e-01  7.26187e-01
3.545e-01  8.18196e-01  7.26210e-01
3.550e-01  8.15743e-01  7.26233e-01
3.555e-01  8.13291e-01  7.26255e-01
3.560e-01  8.10839e-01  7.26278e-01
3.565e-01  8.08387e-01  7.26301e-01
3.570e-01  8.05935e-01  7.26323e-01
3.575e-01  8.03484e-01  7.26346e-01
3.580e-01  8.01033e-01  7.26368e-01
3.585e-01  7.98583e-01  7.26390e-01
3.590e-01  7.96133e-01  7.26411e-01
3.595e-01  7.93683e-01  7.26433e-01
3.600e-01  7.91233e-01  7.26454e-01
3.605e-01  7.88784e-01  7.26475e-01
3.610e-01  7.86335e-01  7.26497e-01
3.615e-01  7.83886e-01  7.26518e-01
3.620e-01  7.81437e-01  7.26540e-01
3.625e-01  7.78988e-01  7.26561e-01
3.630e-01  7.76540e-01  7.26583e-01
3.635e-01  7.74091e-01  7.26604e-01
3.640e-01  7.71644e-01  7.26625e-01
3.645e-01  7.69196e-01  7.26646e-01
3.650e-01  7.66749e-01  7.26666e-01
3.655e-01  7.64303e-01  7.26685e-01
3.660e-01  7.61857e-01  7.26705e-01
3.665e-01  7.59411e-01  7.26725e-01
3.670e-01  7.56966e-01  7.26744e-01
3.675e-01  7.54521e-01  7.26764e-01
3.680e-01  7.52076e-01  7.26784e-01
3.685e-01  7.49632e-01  7.26804e-01
3.690e-01  7.47188e-01  7.26824e-01
3.695e-01  7.44744e-01  7.26844e-01
3.700e-01  7.42300e-01  7.26864e-01
3.705e-01  7.39857e-01  7.26884e-01
3.710e-01  7.37414e-01  7.26903e-01
3.715e-01  7.34971e-01  7.26922e-01
3.720e-01  7.32529e-01  7.26942e-01
3.725e-01  7.30087e-01  7.26961e-01
3.730e-01  7.27646e-01  7.26980e-01
3.735e-01  7.25205e-01  7.26999e-01
3.740e-01  7.22765e-01  7.27018e-01
3.745e-01  7.20326e-01  7.27037e-01
3.750e-01  7.17887e-01  7.27056e-01
3.755e-01  7.15449e-01  7.27075e-01
3.760e-01  7.13011e-01  7.27094e-01
3.765e-01  7.10574e-01  7.27112e-01
3.770e-01  7.08137e-01  7.27130e-01
3.775e-01  7.05700e-01  7.27148e-01
3.780e-01  7.03264e-01  7.27165e-01
3.785e-01  7.00828e-01  7.27183e-01
3.790e-01  6.98392e-01  7.27200e-01
3.795e-01  6.95957e-01  7.27217e-01
3.800e-01  6.93523e-01  7.27234e-01
3.805e-01  6.91089e-01  7.27251e-01
3.810e-01  6.88655e-01  7.27268e-01
3.815e-01  6.86223e-01  7.27285e-01
3.820e-01  6.83791e-01  7.27302e-01
3.825e-01  6.81359e-01  7.27319e-01
3.830e-01  6.78928e-01  7.27336e-01
3.835e-01  6.76498e-01  7.27354e-01
3.840e-01  6.74068e-01  7.27371e-01
3.845e-01  6.71638e-01  7.27388e-01
3.850e-01  6.69209e-01  7.27405e-01
3.855e-01  6.66780e-01  7.27423e-01
3.860e-01  6.64352e-01  7.27440e-01
3.865e-01  6.61924e-01  7.27457e-01
3.870e-01  6.59497e-01  7.27474e-01
3.875e-01  6.57070e-01  7.27491e-01
3.880e-01  6.54644e-01  7.27508e-01
3.885e-01  6.52218e-01  7.27525e-01
3.890e-01  6.49793e-01  7.27542e-01
3.895e-01  6.47369e-01  7.27559e-01
3.900e-01  6.44945e-01  7.27575e-01
3.905e-01  6.42522e-01  7.27592e-01
3.910e-01  6.40100e-01  7.27608e-01
3.915e-01  6.37678e-01  7.27625e-01
3.920e-01  6.35257e-01  7.27641e-01
3.925e-01  6.32837e-01  7.27657e-01
3.930e-01  6.30417e-01  7.27674e-01
3.935e-01  6.27997e-01  7.27690e-01
3.940e-01  6.25578e-01  7.27707e-01
3.945e-01  6.23160e-01  7.27724e-01
3.950e-01  6.20741e-01  7.27741e-01
3.955e-01  6.18324e-01  7.27757e-01
3.960e-01  6.15906e-01  7.27774e-01
3.965e-01  6.13490e-01  7.27791e-01
3.970e-01  6.11073e-01  7.27808e-01
3.975e-01  6.08657e-01  7.27824e-01
3.980e-01  6.06242e-01  7.27841e-01
3.985e-01  6.03828e-01  7.27857e-01
3.990e-01  6.01414e-01  7.27873e-01
3.995e-01  5.99002e-01  7.27889e-01
4.000e-01  5.96590e-01  7.27904e-01
4.005e-01  5.94179e-01  7.27920e-01
4.010e-01  5.91770e-01  7.27935e-01
4.015e-01  5.89361e-01  7.27951e-01
4.020e-01  5.86952e-01  7.27966e-01
4.025e-01  5.84545e-01  7.27981e-01
4.030e-01  5.82138e-01  7.27996e-01
4.035e-01  5.79731e-01  7.28011e-01
4.040e-01  5.77325e-01  7.28026e-01
4.045e-01  5.74920e-01  7.28041e-01
4.050e-01  5.72515e-01  7.28056e-01
4.055e-01  5.70110e-01  7.28071e-01
4.060e-01  5.67706e-01  7.28086e-01
4.065e-01  5.65302e-01  7.28101e-01
4.070e-01  5.62899e-01  7.28116e-01
4.075e-01  5.60497e-01  7.28131e-01
4.080e-01  5.58096e-01  7.28147e-01
4.085e-01  5.55695e-01  7.28162e-01
4.090e-01  5.53295e-01  7.28177e-01
4.095e-01  5.50896e-01  7.28192e-01
4.100e-01  5.48497e-01  7.28208e-01
4.105e-01  5.46100e-01  7.28223e-01
4.110e-01  5.43703e-01  7.28238e-01
4.115e-01  5.41307e-01  7.28253e-01
4.120e-01  5.38911e-01  7.28267e-01
4.125e-01  5.36516e-01  7.28282e-01
4.130e-01  5.34122e-01  7.28296e-01
4.135e-01  5.31729e-01  7.28311e-01
4.140e-01  5.29336e-01  7.28325e-01
4.145e-01  5.26944e-01  7.28339e-01
4.150e-01  5.24553e-01  7.28353e-01
4.155e-01  5.22162e-01  7.28367e-01
4.160e-01  5.19772e-01  7.28381e-01
4.165e-01  5.17384e-01  7.28395e-01
4.170e-01  5.14996e-01  7.28409e-01
4.175e-01  5.12608e-01  7.28423e-01
4.180e-01  5.10222e-01  7.28437e-01
4.185e-01  5.07837e-01  7.28451e-01
4.190e-01  5.05452e-01  7.28465e-01
4.195e-01  5.03068e-01  7.28479e-01
4.200e-01  5.00684e-01  7.28493e-01
4.205e-01  4.98301e-01  7.28507e-01
4.210e-01  4.95919e-01  7.28522e-01
4.215e-01  4.93537e-01  7.28536e-01
4.220e-01  4.91155e-01  7.28550e-01
4.225e-01  4.88774e-01  7.28565e-01
4.230e-01  4.86394e-01  7.28579e-01
4.235e-01  4.84014e-01  7.28594e-01
4.240e-01  4.81635e-01  7.28609e-01
4.245e-01  4.79257e-01  7.28623e-01
4.250e-01  4.76880e-01  7.28638e-01
4.255e-01  4.74504e-01  7.28652e-01
4.260e-01  4.72129e-01  7.28667e-01
4.265e-01  4.69754e-01  7.28681e-01
4.270e-01  4.67381e-01  7.28695e-01
4.275e-01  4.65009e-01  7.28710e-01
4.280e-01  4.62637e-01  7.28723e-01
4.285e-01  4.60266e-01  7.28737e-01
4.290e-01  4.57896e-01  7.28751e-01
4.295e-01  4.55527e-01  7.28764e-01
4.300e-01  4.53159e-01  7.28778e-01
4.305e-01  4.50791e-01  7.28791e-01
4.310e-01  4.48424e-01  7.28805e-01
4.315e-01  4.46058e-01  7.28819e-01
4.320e-01  4.43692e-01  7.28833e-01
4.325e-01  4.41327e-01  7.28847e-01
4.330e-01  4.38963e-01  7.28861e-01
4.335e-01  4.36600e-01  7.28875e-01
4.340e-01  4.34237e-01  7.28888e-01
4.345e-01  4.31875e-01  7.28902e-01
4.350e-01  4.29514e-01  7.28916e-01
4.355e-01  4.27153e-01  7.28929e-01
4.360e-01  4.24794e-01  7.28943e-01
4.365e-01  4.22435e-01  7.28956e-01
4.370e-01  4.20078e-01  7.28969e-01
4.375e-01  4.17721e-01  7.28982e-01
4.380e-01  4.15365e-01  7.28996e-01
4.385e-01  4.13011e-01  7.29009e-01
4.390e-01  4.10657e-01  7.29022e-01
4.395e-01  4.08304e-01  7.29035e-01
4.400e-01  4.05952e-01  7.29049e-01
4.405e-01  4.03601e-01  7.29062e-01
4.410e-01  4.01251e-01  7.29075e-01
4.415e-01  3.98902e-01  7.29088e-01
4.420e-01  3.96553e-01  7.29102e-01
4.425e-01  3.94205e-01  7.29115e-01
4.430e-01  3.91857e-01  7.29128e-01
4.435e-01  3.89510e-01  7.29141e-01
4.440e-01  3.87164e-01  7.29154e-01
4.445e-01  3.84819e-01  7.29167e-01
4.450e-01  3.82475e-01  7.29180e-01
4.455e-01  3.80131e-01  7.29193e-01
4.460e-01  3.77789e-01  7.29205e-01
4.465e-01  3.75448e-01  7.29218e-01
4.470e-01  3.73108e-01  7.29230e-01
4.475e-01  3.70769e-01  7.29242e-01
4.480e-01  3.68430e-01  7.29254e-01
4.485e-01  3.66093e-01  7.29267e-01
4.490e-01  3.63757e-01  7.29279e-01
4.495e-01  3.61422e-01  7.29291e-01
4.500e-01  3.59087e-01  7.29303e-01
4.505e-01  3.56753e-01  7.29315e-01
4.510e-01  3.54420e-01  7.29328e-01
4.515e-01  3.52087e-01  7.29341e-01
4.520e-01  3.49756e-01  7.29354e-01
4.525e-01  3.47424e-01  7.29367e-01
4.530e-01  3.45094e-01  7.29380e-01
4.535e-01  3.42764e-01  7.29394e-01
4.540e-01  3.40435e-01  7.29407e-01
4.545e-01  3.38108e-01  7.29421e-01
4.550e-01  3.35781e-01  7.29434e-01
4.555e-01  3.33455e-01  7.29447e-01
4.560e-01  3.31130e-01  7.29460e-01
4.565e-01  3.28806e-01  7.29473e-01
4.570e-01  3.26483e-01  7.29486e-01
4.575e-01  3.24161e-01  7.29498e-01
4.580e-01  3.21839e-01  7.29511e-01
4.585e-01  3.19518e-01  7.29525e-01
4.590e-01  3.17198e-01  7.29538e-01
4.595e-01  3.14879e-01  7.29551e-01
4.600e-01  3.12561e-01  7.29564e-01
4.605e-01  3.10244e-01  7.29577e-01
4.610e-01  3.07928e-01  7.29589e-01
4.615e-01  3.05613e-01  7.29602e-01
4.620e-01  3.03299e-01  7.29614e-01
4.625e-01  3.00986e-01  7.29627e-01
4.630e-01  2.98674e-01  7.29639e-01
4.635e-01  2.96363e-01  7.29651e-01
4.640e-01  2.94053e-01  7.29663e-01
4.645e-01  2.91744e-01  7.29675e-01
4.650e-01  2.89436e-01  7.29688e-01
4.655e-01  2.87129e-01  7.29700e-01
4.660e-01  2.84822e-01  7.29712e-01
4.665e-01  2.82516e-01  7.29725e-01
4.670e-01  2.80211e-01  7.29737e-01
4.675e-01  2.77907e-01  7.29750e-01
4.680e-01  2.75604e-01  7.29763e-01
4.685e-01  2.73302e-01  7.29775e-01
4.690e-01  2.71000e-01  7.29788e-01
4.695e-01  2.68700e-01  7.29801e-01
4.700e-01  2.66401e-01  7.29814e-01
4.705e-01  2.64102e-01  7.29827e-01
4.710e-01  2.61805e-01  7.29839e-01
4.715e-01  2.59508e-01  7.29852e-01
4.720e-01  2.57213e-01  7.29864e-01
4.725e-01  2.54918e-01  7.29876e-01
4.730e-01  2.52624e-01  7.29888e-01
4.735e-01  2.50331e-01  7.29900e-01
4.740e-01  2.48039e-01  7.29912e-01
4.745e-01  2.45747e-01  7.29924e-01
4.750e-01  2.43457e-01  7.29935e-01
4.755e-01  2.41168e-01  7.29947e-01
4.760e-01  2.38880e-01  7.29958e-01
4.765e-01  2.36592e-01  7.29970e-01
4.770e-01  2.34306e-01  7.29982e-01
4.775e-01  2.32021e-01  7.29994e-01
4.780e-01  2.29737e-01  7.30006e-01
4.785e-01  2.27454e-01  7.30018e-01
4.790e-01  2.25172e-01  7.30030e-01
4.795e-01  2.22891e-01  7.30042e-01
4.800e-01  2.20611e-01  7.30055e-01
4.805e-01  2.18331e-01  7.30067e-01
4.810e-01  2.16052e-01  7.30080e-01
4.815e-01  2.13773e-01  7.30092e-01
4.820e-01  2.11495e-01  7.30105e-01
4.825e-01  2.09217e-01  7.30118e-01
4.830e-01  2.06941e-01  7.30130e-01
4.835e-01  2.04665e-01  7.30143e-01
4.840e-01  2.02391e-01  7.30156e-01
4.845e-01  2.00118e-01  7.30168e-01
4.850e-01  1.97847e-01  7.30181e-01
4.855e-01  1.95576e-01  7.30193e-01
4.860e-01  1.93307e-01  7.30205e-01
4.865e-01  1.91039e-01  7.30217e-01
4.870e-01  1.88772e-01  7.30229e-01
4.875e-01  1.86506e-01  7.30241e-01
4.880e-01  1.84241e-01  7.30253e-01
4.885e-01  1.81976e-01  7.30264e-01
4.890e-01  1.79713e-01  7.30276e-01
4.895e-01  1.77450e-01  7.30287e-01
4.900e-01  1.75189e-01  7.30298e-01
4.905e-01  1.72928e-01  7.30310e-01
4.910e-01  1.70668e-01  7.30321e-01
4.915e-01  1.68409e-01  7.30333e-01
4.920e-01  1.66150e-01  7.30344e-01
4.925e-01  1.63893e-01  7.30356e-01
4.930e-01  1.61636e-01  7.30368e-01
4.935e-01  1.59380e-01  7.30380e-01
4.940e-01  1.57125e-01  7.30393e-01
4.945e-01  1.54871e-01  7.30405e-01
4.950e-01  1.52618e-01  7.30417e-01
4.955e-01  1.50366e-01  7.30430e-01
4.960e-01  1.48115e-01  7.30442e-01
4.965e-01  1.45866e-01  7.30454e-01
4.970e-01  1.43617e-01  7.30466e-01
4.975e-01  1.41369e-01  7.30478e-01
4.980e-01  1.39123e-01  7.30490e-01
4.985e-01  1.36878e-01  7.30502e-01
4.990e-01  1.34633e-01  7.30514e-01
4.995e-01  1.32390e-01  7.30525e-01
5.000e-01  1.30148e-01  7.30537e-01
5.005e-01  1.27906e-01  7.30549e-01
5.010e-01  1.25666e-01  7.30560e-01
5.015e-01  1.23426e-01  7.30572e-01
5.020e-01  1.21186e-01  7.30584e-01
5.025e-01  1.18948e-01  7.30596e-01
5.030e-01  1.16710e-01  7.30608e-01
5.035e-01  1.14474e-01  7.30620e-01
5.040e-01  1.12238e-01  7.30633e-01
5.045e-01  1.10003e-01  7.30645e-01
5.050e-01  1.07769e-01  7.30657e-01
5.055e-01  1.05536e-01  7.30670e-01
5.060e-01  1.03304e-01  7.30682e-01
5.065e-01  1.01073e-01  7.30694e-01
5.070e-01  9.88432e-02  7.30706e-01
5.075e-01  9.66145e-02  7.30719e-01
5.080e-01  9.43869e-02  7.30731e-01
5.085e-01  9.21603e-02  7.30743e-01
5.090e-01  8.99347e-02  7.30756e-01
5.095e-01  8.77102e-02  7.30768e-01
5.100e-01  8.54867e-02  7.30781e-01
5.105e-01  8.32641e-02  7.30793e-01
5.110e-01  8.10424e-02  7.30806e-01
5.115e-01  7.88215e-02  7.30818e-01
5.120e-01  7.66014e-02  7.30831e-01
5.125e-01  7.43820e-02  7.30843e-01
5.130e-01  7.21634e-02  7.30855e-01
5.135e-01  6.99456e-02  7.30867e-01
5.140e-01  6.77288e-02  7.30879e-01
5.145e-01  6.55129e-02  7.30891e-01
5.150e-01  6.32980e-02  7.30903e-01
5.155e-01  6.10843e-02  7.30915e-01
5.160e-01  5.88718e-02  7.30927e-01
5.165e-01  5.66605e-02  7.30939e-01
5.170e-01  5.44502e-02  7.30951e-01
5.175e-01  5.22411e-02  7.30964e-01
5.180e-01  5.00329e-02  7.30976e-01
5.185e-01  4.78257e-02  7.30988e-01
5.190e-01  4.56193e-02  7.31000e-01
5.195e-01  4.34138e-02  7.31013e-01
5.200e-01  4.12091e-02  7.31025e-01
5.205e-01  3.90052e-02  7.31037e-01
5.210e-01  3.68021e-02  7.31050e-01
5.215e-01  3.45999e-02  7.31062e-01
5.220e-01  3.23987e-02  7.31075e-01
5.225e-01  3.01985e-02  7.31087e-01
5.230e-01  2.79994e-02  7.31099e-01
5.235e-01  2.58013e-02  7.31111e-01
5.240e-01  2.36043e-02  7.31123e-01
5.245e-01  2.14083e-02  7.31135e-01
5.250e-01  1.92133e-02  7.31147e-01
5.255e-01  1.70194e-02  7.31159e-01
5.260e-01  1.48264e-02  7.31171e-01
5.265e-01  1.26345e-02  7.31183e-01
5.270e-01  1.04436e-02  7.31195e-01
5.275e-01  8.25367e-03  7.31207e-01
5.280e-01  6.06471e-03  7.31220e-01
5.285e-01  3.87669e-03  7.31232e-01
5.290e-01  1.68961e-03  7.31245e-01
5.295e-01  -4.96566e-04  7.31257e-01
5.300e-01  -2.68184e-03  7.31269e-01
5.305e-01  -4.86622e-03  7.31281e-01
5.310e-01  -7.04967e-03  7.31294e-01
5.315e-01  -9.23220e-03  7.31306e-01
5.320e-01  -1.14138e-02  7.31318e-01
5.325e-01  -1.35944e-02  7.31330e-01
5.330e-01  -1.57741e-02  7.31342e-01
5.335e-01  -1.79527e-02  7.31354e-01
5.340e-01  -2.01304e-02  7.31365e-01
5.345e-01  -2.23071e-02  7.31377e-01
5.350e-01  -2.44829e-02  7.31389e-01
5.355e-01  -2.66577e-02  7.31401e-01
5.360e-01  -2.88315e-02  7.31413e-01
5.365e-01  -3.10044e-02  7.31425e-01
5.370e-01  -3.31763e-02  7.31437e-01
5.375e-01  -3.53472e-02  7.31448e-01
5.380e-01  -3.75173e-02  7.31460e-01
5.385e-01  -3.96863e-02  7.31472e-01
5.390e-01  -4.18544e-02  7.31484e-01
5.395e-01  -4.40216e-02  7.31496e-01
5.400e-01  -4.61877e-02  7.31508e-01
5.405e-01  -4.83529e-02  7.31520e-01
5.410e-01  -5.05171e-02  7.31532e-01
5.415e-01  -5.26803e-02  7.31544e-01
5.420e-01  -5.48425e-02  7.31556e-01
5.425e-01  -5.70037e-02  7.31567e-01
5.430e-01  -5.91639e-02  7.31579e-01
5.435e-01  -6.13231e-02  7.31590e-01
5.440e-01  -6.34814e-02  7.31602e-01
5.445e-01  -6.56387e-02  7.31613e-01
5.450e-01  -6.77950e-02  7.31624e-01
5.455e-01  -6.99504e-02  7.31636e-01
5.460e-01  -7.21049e-02  7.31647e-01
5.465e-01  -7.42584e-02  7.31659e-01
5.470e-01  -7.64110e-02  7.31670e-01
5.475e-01  -7.85628e-02  7.31682e-01
5.480e-01  -8.07136e-02  7.31694e-01
5.485e-01  -8.28636e-02  7.31706e-01
5.490e-01  -8.50126e-02  7.31718e-01
5.495e-01  -8.71608e-02  7.31730e-01
5.500e-01  -8.93081e-02  7.31742e-01
5.505e-01  -9.14544e-02  7.31755e-01
5.510e-01  -9.35999e-02  7.31767e-01
5.515e-01  -9.57445e-02  7.31779e-01
5.520e-01  -9.78881e-02  7.31792e-01
5.525e-01  -1.00031e-01  7.31804e-01
5.530e-01  -1.02173e-01  7.31816e-01
5.535e-01  -1.04313e-01  7.31829e-01
5.540e-01  -1.06453e-01  7.31841e-01
5.545e-01  -1.08592e-01  7.31853e-01
5.550e-01  -1.10730e-01  7.31865e-01
5.555e-01  -1.12867e-01  7.31878e-01
5.560e-01  -1.15004e-01  7.31890e-01
5.565e-01  -1.17139e-01  7.31902e-01
5.570e-01  -1.19273e-01  7.31914e-01
5.575e-01  -1.21406e-01  7.31926e-01
5.580e-01  -1.23538e-01  7.31938e-01
5.585e-01  -1.25670e-01  7.31950e-01
5.590e-01  -1.27800e-01  7.31962e-01
5.595e-01  -1.29929e-01  7.31974e-01
5.600e-01  -1.32058e-01  7.31985e-01
5.605e-01  -1.34185e-01  7.31997e-01
5.610e-01  -1.36311e-01  7.32009e-01
5.615e-01  -1.38436e-01  7.32020e-01
5.620e-01  -1.40561e-01  7.32032e-01
5.625e-01  -1.42684e-01  7.32043e-01
5.630e-01  -1.44806e-01  7.32055e-01
5.635e-01  -1.46927e-01  7.32066e-01
5.640e-01  -1.49047e-01  7.32078e-01
5.645e-01  -1.51166e-01  7.32089e-01
5.650e-01  -1.53284e-01  7.32100e-01
5.655e-01  -1.55401e-01  7.32112e-01
5.660e-01  -1.57517e-01  7.32123e-01
5.665e-01  -1.59632e-01  7.32134e-01
5.670e-01  -1.61746e-01  7.32146e-01
5.675e-01  -1.63860e-01  7.32157e-01
5.680e-01  -1.65972e-01  7.32169e-01
5.685e-01  -1.68084e-01  7.32180e-01
5.690e-01  -1.70195e-01  7.32192e-01
5.695e-01  -1.72306e-01  7.32204e-01
5.700e-01  -1.74415e-01  7.32216e-01
5.705e-01  -1.76524e-01  7.32227e-01
5.710e-01  -1.78631e-01  7.32239e-01
5.715e-01  -1.80738e-01  7.32251e-01
5.720e-01  -1.82844e-01  7.32263e-01
5.725e-01  -1.84949e-01  7.32274e-01
5.730e-01  -1.87053e-01  7.32286e-01
5.735e-01  -1.89155e-01  7.32297e-01
5.740e-01  -1.91257e-01  7.32308e-01
5.745e-01  -1.93358e-01  7.32319e-01
5.750e-01  -1.95458e-01  7.32331e-01
5.755e-01  -1.97556e-01  7.32342e-01
5.760e-01  -1.99654e-01  7.32353e-01
5.765e-01  -2.01751e-01  7.32364e-01
5.770e-01  -2.03848e-01  7.32376e-01
5.775e-01  -2.05943e-01  7.32387e-01
5.780e-01  -2.08038e-01  7.32399e-01
5.785e-01  -2.10132e-01  7.32411e-01
5.790e-01  -2.12225e-01  7.32423e-01
5.795e-01  -2.14317e-01  7.32434e-01
5.800e-01  -2.16408e-01  7.32446e-01
5.805e-01  -2.18498e-01  7.32458e-01
5.810e-01  -2.20587e-01  7.32469e-01
5.815e-01  -2.22674e-01  7.32480e-01
5.820e-01  -2.24761e-01  7.32491e-01
5.825e-01  -2.26846e-01  7.32502e-01
5.830e-01  -2.28931e-01  7.32513e-01
5.835e-01  -2.31015e-01  7.32524e-01
5.840e-01  -2.33098e-01  7.32535e-01
5.845e-01  -2.35180e-01  7.32546e-01
5.850e-01  -2.37261e-01  7.32557e-01
5.855e-01  -2.39342e-01  7.32569e-01
5.860e-01  -2.41421e-01  7.32580e-01
5.865e-01  -2.43500e-01  7.32591e-01
5.870e-01  -2.45578e-01  7.32603e-01
5.875e-01  -2.47654e-01  7.32614e-01
5.880e-01  -2.49730e-01  7.32624e-01
5.885e-01  -2.51804e-01  7.32635e-01
5.890e-01  -2.53877e-01  7.32646e-01
5.895e-01  -2.55950e-01  7.32656e-01
5.900e-01  -2.58021e-01  7.32666e-01
5.905e-01  -2.60092e-01  7.32677e-01
5.910e-01  -2.62162e-01  7.32687e-01
5.915e-01  -2.64230e-01  7.32697e-01
5.920e-01  -2.66298e-01  7.32707e-01
5.925e-01  -2.68365e-01  7.32717e-01
5.930e-01  -2.70430e-01  7.32727e-01
5.935e-01  -2.72495e-01  7.32737e-01
5.940e-01  -2.74559e-01  7.32747e-01
5.945e-01  -2.76622e-01  7.32756e-01
5.950e-01  -2.78684e-01  7.32766e-01
5.955e-01  -2.80746e-01  7.32777e-01
5.960e-01  -2.82806e-01  7.32787e-01
5.965e-01  -2.84865e-01  7.32797e-01
5.970e-01  -2.86924e-01  7.32807e-01
5.975e-01  -2.88981e-01  7.32817e-01
5.980e-01  -2.91038e-01  7.32828e-01
5.985e-01  -2.93094e-01  7.32838e-01
5.990e-01  -2.95149e-01  7.32848e-01
5.995e-01  -2.97203e-01  7.32858e-01
6.000e-01  -2.99256e-01  7.32867e-01
6.005e-01  -3.01308e-01  7.32877e-01
6.010e-01  -3.03360e-01  7.32886e-01
6.015e-01  -3.05410e-01  7.32896e-01
6.020e-01  -3.07460e-01  7.32905e-01
6.025e-01  -3.09508e-01  7.32914e-01
6.030e-01  -3.11556e-01  7.32924e-01
6.035e-01  -3.13602e-01  7.32933e-01
6.040e-01  -3.15647e-01  7.32942e-01
6.045e-01  -3.17691e-01  7.32952e-01
6.050e-01  -3.19734e-01  7.32961e-01
6.055e-01  -3.21776e-01  7.32970e-01
6.060e-01  -3.23817e-01  7.32980e-01
6.065e-01  -3.25857e-01  7.32988e-01
6.070e-01  -3.27897e-01  7.32997e-01
6.075e-01  -3.29936e-01  7.33006e-01
6.080e-01  -3.31973e-01  7.33014e-01
6.085e-01  -3.34010e-01  7.33022e-01
6.090e-01  -3.36046e-01  7.33031e-01
6.095e-01  -3.38082e-01  7.33039e-01
6.100e-01  -3.40116e-01  7.33047e-01
6.105e-01  -3.42149e-01  7.33055e-01
6.110e-01  -3.44182e-01  7.33064e-01
6.115e-01  -3.46213e-01  7.33072e-01
6.120e-01  -3.48244e-01  7.33080e-01
6.125e-01  -3.50273e-01  7.33088e-01
6.130e-01  -3.52301e-01  7.33096e-01
6.135e-01  -3.54328e-01  7.33104e-01
6.140e-01  -3.56354e-01  7.33112e-01
6.145e-01  -3.58378e-01  7.33120e-01
6.150e-01  -3.60402e-01  7.33128e-01
6.155e-01  -3.62424e-01  7.33136e-01
6.160e-01  -3.64446e-01  7.33144e-01
6.165e-01  -3.66468e-01  7.33151e-01
6.170e-01  -3.68488e-01  7.33158e-01
6.175e-01  -3.70508e-01  7.33166e-01
6.180e-01  -3.72527e-01  7.33173e-01
6.185e-01  -3.74545e-01  7.33180e-01
6.190e-01  -3.76563e-01  7.33187e-01
6.195e-01  -3.78579e-01  7.33194e-01
6.200e-01  -3.80594e-01  7.33201e-01
6.205e-01  -3.82607e-01  7.33208e-01
6.210e-01  -3.84620e-01  7.33214e-01
6.215e-01  -3.86632e-01  7.33221e-01
6.220e-01  -3.88643e-01  7.33228e-01
6.225e-01  -3.90652e-01  7.33234e-01
6.230e-01  -3.92661e-01  7.33241e-01
6.235e-01  -3.94669e-01  7.33247e-01
6.240e-01  -3.96675e-01  7.33253e-01
6.245e-01  -3.98681e-01  7.33259e-01
6.250e-01  -4.00686e-01  7.33265e-01
6.255e-01  -4.02689e-01  7.33271e-01
6.260e-01  -4.04692e-01  7.33277e-01
6.265e-01  -4.06693e-01  7.33282e-01
6.270e-01  -4.08694e-01  7.33288e-01
6.275e-01  -4.10694e-01  7.33294e-01
6.280e-01  -4.12693e-01  7.33299e-01
6.285e-01  -4.14691e-01  7.33305e-01
6.290e-01  -4.16688e-01  7.33310e-01
6.295e-01  -4.18684e-01  7.33315e-01
6.300e-01  -4.20679e-01  7.33321e-01
6.305e-01  -4.22674e-01  7.33326e-01
6.310e-01  -4.24667e-01  7.33332e-01
6.315e-01  -4.26660e-01  7.33338e-01
6.320e-01  -4.28651e-01  7.33343e-01
6.325e-01  -4.30641e-01  7.33349e-01
6.330e-01  -4.32630e-01  7.33355e-01
6.335e-01  -4.34617e-01  7.33361e-01
6.340e-01  -4.36604e-01  7.33368e-01
6.345e-01  -4.38590e-01  7.33374e-01
6.350e-01  -4.40576e-01  7.33380e-01
6.355e-01  -4.42560e-01  7.33386e-01
6.360e-01  -4.44544e-01  7.33392e-01
6.365e-01  -4.46527e-01  7.33398e-01
6.370e-01  -4.48509e-01  7.33404e-01
6.375e-01  -4.50490e-01  7.33410e-01
6.380e-01  -4.52470e-01  7.33417e-01
6.385e-01  -4.54448e-01  7.33424e-01
6.390e-01  -4.56426e-01  7.33431e-01
6.395e-01  -4.58402e-01  7.33438e-01
6.400e-01  -4.60378e-01  7.33446e-01
6.405e-01  -4.62353e-01  7.33453e-01
6.410e-01  -4.64328e-01  7.33461e-01
6.415e-01  -4.66301e-01  7.33468e-01
6.420e-01  -4.68273e-01  7.33476e-01
6.425e-01  -4.70245e-01  7.33484e-01
6.430e-01  -4.72215e-01  7.33493e-01
6.435e-01  -4.74184e-01  7.33502e-01
6.440e-01  -4.76151e-01  7.33512e-01
6.445e-01  -4.78118e-01  7.33522e-01
6.450e-01  -4.80084e-01  7.33532e-01
6.455e-01  -4.82050e-01  7.33542e-01
6.460e-01  -4.84016e-01  7.33553e-01
6.465e-01  -4.85980e-01  7.33564e-01
6.470e-01  -4.87943e-01  7.33576e-01
6.475e-01  -4.89905e-01  7.33588e-01
6.480e-01  -4.91865e-01  7.33602e-01
6.485e-01  -4.93825e-01  7.33615e-01
6.490e-01  -4.95783e-01  7.33630e-01
6.495e-01  -4.97741e-01  7.33645e-01
6.500e-01  -4.99698e-01  7.33660e-01
6.505e-01  -5.01654e-01  7.33676e-01
6.510e-01  -5.03609e-01  7.33693e-01
6.515e-01  -5.05564e-01  7.33710e-01
6.520e-01  -5.07517e-01  7.33729e-01
6.525e-01  -5.09470e-01  7.33748e-01
6.530e-01  -5.11422e-01  7.33768e-01
6.535e-01  -5.13374e-01  7.33788e-01
6.540e-01  -5.15324e-01  7.33810e-01
6.545e-01  -5.17273e-01  7.33833e-01
6.550e-01  -5.19222e-01  7.33857e-01
6.555e-01  -5.21169e-01  7.33881e-01
6.560e-01  -5.23116e-01  7.33907e-01
6.565e-01  -5.25061e-01  7.33934e-01
6.570e-01  -5.27006e-01  7.33962e-01
6.575e-01  -5.28949e-01  7.33991e-01
6.580e-01  -5.30892e-01  7.34022e-01
6.585e-01  -5.32834e-01  7.34054e-01
6.590e-01  -5.34775e-01  7.34087e-01
6.595e-01  -5.36715e-01  7.34121e-01
6.600e-01  -5.38655e-01  7.34158e-01
6.605e-01  -5.40595e-01  7.34195e-01
6.610e-01  -5.42533e-01  7.34234e-01
6.615e-01  -5.44470e-01  7.34274e-01
6.620e-01  -5.46406e-01  7.34316e-01
6.625e-01  -5.48342e-01  7.34360e-01
6.630e-01  -5.50277e-01  7.34405e-01
6.635e-01  -5.52211e-01  7.34452e-01
6.640e-01  -5.54143e-01  7.34500e-01
6.645e-01  -5.56073e-01  7.34550e-01
6.650e-01  -5.58004e-01  7.34602e-01
6.655e-01  -5.59936e-01  7.34656e-01
6.660e-01  -5.61867e-01  7.34712e-01
6.665e-01  -5.63796e-01  7.34770e-01
6.670e-01  -5.65724e-01  7.34830e-01
6.675e-01  -5.67649e-01  7.34892e-01
6.680e-01  -5.69574e-01  7.34956e-01
6.685e-01  -5.71500e-01  7.35022e-01
6.690e-01  -5.73426e-01  7.35090e-01
6.695e-01  -5.75351e-01  7.35160e-01
6.700e-01  -5.77275e-01  7.35233e-01
6.705e-01  -5.79197e-01  7.35308e-01
6.710e-01  -5.81117e-01  7.35385e-01
6.715e-01  -5.83037e-01  7.35465e-01
6.720e-01  -5.84956e-01  7.35547e-01
6.725e-01  -5.86874e-01  7.35632e-01
6.730e-01  -5.88793e-01  7.35719e-01
6.735e-01  -5.90712e-01  7.35809e-01
6.740e-01  -5.92630e-01  7.35901e-01
6.745e-01  -5.94546e-01  7.35996e-01
6.750e-01  -5.96460e-01  7.36093e-01
6.755e-01  -5.98373e-01  7.36192e-01
6.760e-01  -6.00286e-01  7.36294e-01
6.765e-01  -6.02199e-01  7.36399e-01
6.770e-01  -6.04112e-01  7.36507e-01
6.775e-01  -6.06024e-01  7.36618e-01
6.780e-01  -6.07934e-01  7.36731e-01
6.785e-01  -6.09843e-01  7.36845e-01
6.790e-01  -6.11753e-01  7.36963e-01
6.795e-01  -6.13663e-01  7.37085e-01
6.800e-01  -6.15572e-01  7.37208e-01
6.805e-01  -6.17479e-01  7.37333e-01
6.810e-01  -6.19385e-01  7.37461e-01
6.815e-01  -6.21291e-01  7.37592e-01
6.820e-01  -6.23194e-01  7.37726e-01
6.825e-01  -6.25096e-01  7.37862e-01
6.830e-01  -6.27000e-01  7.38000e-01
6.835e-01  -6.28905e-01  7.38140e-01
6.840e-01  -6.30807e-01  7.38283e-01
6.845e-01  -6.32706e-01  7.38428e-01
6.850e-01  -6.34605e-01  7.38575e-01
6.855e-01  -6.36503e-01  7.38724e-01
6.860e-01  -6.38400e-01  7.38875e-01
6.865e-01  -6.40298e-01  7.39029e-01
6.870e-01  -6.42193e-01  7.39185e-01
6.875e-01  -6.44089e-01  7.39342e-01
6.880e-01  -6.45982e-01  7.39501e-01
6.885e-01  -6.47875e-01  7.39663e-01
6.890e-01  -6.49769e-01  7.39827e-01
6.895e-01  -6.51660e-01  7.39992e-01
6.900e-01  -6.53549e-01  7.40159e-01
6.905e-01  -6.55436e-01  7.40328e-01
6.910e-01  -6.57322e-01  7.40499e-01
6.915e-01  -6.59210e-01  7.40672e-01
6.920e-01  -6.61096e-01  7.40847e-01
6.925e-01  -6.62979e-01  7.41023e-01
6.930e-01  -6.64859e-01  7.41201e-01
6.935e-01  -6.66740e-01  7.41381e-01
6.940e-01  -6.68621e-01  7.41563e-01
6.945e-01  -6.70498e-01  7.41747e-01
6.950e-01  -6.72374e-01  7.41932e-01
6.955e-01  -6.74248e-01  7.42119e-01
6.960e-01  -6.76124e-01  7.42309e-01
6.965e-01  -6.77998e-01  7.42500e-01
6.970e-01  -6.79866e-01  7.42692e-01
6.975e-01  -6.81738e-01  7.42886e-01
6.980e-01  -6.83603e-01  7.43082e-01
6.985e-01  -6.85468e-01  7.43280e-01
6.990e-01  -6.87335e-01  7.43479e-01
6.995e-01  -6.89195e-01  7.43680e-01
7.000e-01  -6.91057e-01  7.43884e-01
7.005e-01  -6.92912e-01  7.44088e-01
7.010e-01  -6.94771e-01  7.44294e-01
7.015e-01  -6.96627e-01  7.44502e-01
7.020e-01  -6.98478e-01  7.44711e-01
7.025e-01  -7.00327e-01  7.44922e-01
7.030e-01  -7.02177e-01  7.45136e-01
7.035e-01  -7.04024e-01  7.45350e-01
7.040e-01  -7.05868e-01  7.45566e-01
7.045e-01  -7.07711e-01  7.45783e-01
7.050e-01  -7.09550e-01  7.46003e-01
7.055e-01  -7.11386e-01  7.46224e-01
7.060e-01  -7.13224e-01  7.46447e-01
7.065e-01  -7.15054e-01  7.46671e-01
7.070e-01  -7.16885e-01  7.46897e-01
7.075e-01  -7.18714e-01  7.47125e-01
7.080e-01  -7.20538e-01  7.47354e-01
7.085e-01  -7.22359e-01  7.47585e-01
7.090e-01  -7.24180e-01  7.47817e-01
7.095e-01  -7.25996e-01  7.48051e-01
7.100e-01  -7.27811e-01  7.48288e-01
7.105e-01  -7.29619e-01  7.48525e-01
7.110e-01  -7.31428e-01  7.48765e-01
7.115e-01  -7.33233e-01  7.49005e-01
7.120e-01  -7.35035e-01  7.49248e-01
7.125e-01  -7.36834e-01  7.49493e-01
7.130e-01  -7.38627e-01  7.49738e-01
7.135e-01  -7.40419e-01  7.49985e-01
7.140e-01  -7.42207e-01  7.50235e-01
7.145e-01  -7.43991e-01  7.50485e-01
7.150e-01  -7.45773e-01  7.50739e-01
7.155e-01  -7.47551e-01  7.50994e-01
7.160e-01  -7.49323e-01  7.51249e-01
7.165e-01  -7.51090e-01  7.51507e-01
7.170e-01  -7.52856e-01  7.51767e-01
7.175e-01  -7.54618e-01  7.52030e-01
7.180e-01  -7.56374e-01  7.52295e-01
7.185e-01  -7.58128e-01  7.52564e-01
7.190e-01  -7.59877e-01  7.52836e-01
7.195e-01  -7.61621e-01  7.53111e-01
7.200e-01  -7.63363e-01  7.53390e-01
7.205e-01  -7.65097e-01  7.53670e-01
7.210e-01  -7.66824e-01  7.53943e-01
7.215e-01  -7.68539e-01  7.54197e-01
7.220e-01  -7.70243e-01  7.54428e-01
7.225e-01  -7.71915e-01  7.54573e-01
7.230e-01  -7.73537e-01  7.54555e-01
7.235e-01  -7.75167e-01  7.54560e-01
7.240e-01  -7.76796e-01  7.54559e-01
7.245e-01  -7.78428e-01  7.54559e-01
7.250e-01  -7.80063e-01  7.54559e-01
7.255e-01  -7.81700e-01  7.54559e-01
7.260e-01  -7.83337e-01  7.54559e-01
7.265e-01  -7.84980e-01  7.54559e-01
7.270e-01  -7.86623e-01  7.54559e-01
7.275e-01  -7.88267e-01  7.54559e-01
7.280e-01  -7.89912e-01  7.54559e-01
7.285e-01  -7.91561e-01  7.54559e-01
7.290e-01  -7.93213e-01  7.54559e-01
7.295e-01  -7.94865e-01  7.54559e-01
7.300e-01  -7.96519e-01  7.54559e-01
7.305e-01  -7.98176e-01  7.54559e-01
7.310e-01  -7.99835e-01  7.54559e-01
7.315e-01  -8.01498e-01  7.54559e-01
7.320e-01  -8.03159e-01  7.54559e-01
7.325e-01  -8.04826e-01  7.54559e-01
7.330e-01  -8.06493e-01  7.54559e-01
7.335e-01  -8.08163e-01  7.54559e-01
7.340e-01  -8.09833e-01  7.54559e-01
7.345e-01  -8.11507e-01  7.54559e-01
7.350e-01  -8.13184e-01  7.54559e-01
7.355e-01  -8.14861e-01  7.54559e-01
7.360e-01  -8.16541e-01  7.54559e-01
7.365e-01  -8.18224e-01  7.54559e-01
7.370e-01  -8.19910e-01  7.54559e-01
7.375e-01  -8.21597e-01  7.54559e-01
7.380e-01  -8.23285e-01  7.54559e-01
7.385e-01  -8.24976e-01  7.54559e-01
7.390e-01  -8.26669e-01  7.54559e-01
7.395e-01  -8.28365e-01  7.54559e-01
7.400e-01  -8.30063e-01  7.54559e-01
7.405e-01  -8.31764e-01  7.54559e-01
7.410e-01  -8.33466e-01  7.54559e-01
7.415e-01  -8.35171e-01  7.54559e-01
7.420e-01  -8.36878e-01  7.54559e-01
7.425e-01  -8.38589e-01  7.54559e-01
7.430e-01  -8.40302e-01  7.54559e-01
7.435e-01  -8.42016e-01  7.54559e-01
7.440e-01  -8.43732e-01  7.54559e-01
7.445e-01  -8.45452e-01  7.54559e-01
7.450e-01  -8.47171e-01  7.54559e-01
7.455e-01  -8.48894e-01  7.54559e-01
7.460e-01  -8.50622e-01  7.54559e-01
7.465e-01  -8.52351e-01  7.54559e-01
7.470e-01  -8.54080e-01  7.54559e-01
7.475e-01  -8.55812e-01  7.54559e-01
7.480e-01  -8.57548e-01  7.54559e-01
7.485e-01  -8.59287e-01  7.54559e-01
7.490e-01  -8.61029e-01  7.54559e-01
7.495e-01  -8.62773e-01  7.54559e-01
7.500e-01  -8.64519e-01  7.54559e-01
7.505e-01  -8.66267e-01  7.54559e-01
7.510e-01  -8.68016e-01  7.54559e-01
7.515e-01  -8.69768e-01  7.54559e-01
7.520e-01  -8.71522e-01  7.54559e-01
7.525e-01  -8.73281e-01  7.54559e-01
7.530e-01  -8.75042e-01  7.54559e-01
7.535e-01  -8.76806e-01  7.54559e-01
7.540e-01  -8.78572e-01  7.54559e-01
7.545e-01  -8.80341e-01  7.54559e-01
7.550e-01  -8.82112e-01  7.54559e-01
7.555e-01  -8.83885e-01  7.54559e-01
7.560e-01  -8.85662e-01  7.54559e-01
7.565e-01  -8.87440e-01  7.54559e-01
7.570e-01  -8.89221e-01  7.54559e-01
7.575e-01  -8.91003e-01  7.54559e-01
7.580e-01  -8.92789e-01  7.54559e-01
7.585e-01  -8.94579e-01  7.54559e-01
7.590e-01  -8.96372e-01  7.54559e-01
7.595e-01  -8.98168e-01  7.54559e-01
7.600e-01  -8.99965e-01  7.54559e-01
7.605e-01  -9.01765e-01  7.54559e-01
7.610e-01  -9.03567e-01  7.54559e-01
7.615e-01  -9.05372e-01  7.54559e-01
7.620e-01  -9.07180e-01  7.54559e-01
7.625e-01  -9.08991e-01  7.54559e-01
7.630e-01  -9.10805e-01  7.54559e-01
7.635e-01  -9.12623e-01  7.54559e-01
7.640e-01  -9.14444e-01  7.54559e-01
7.645e-01  -9.16266e-01  7.54559e-01
7.650e-01  -9.18091e-01  7.54559e-01
7.655e-01  -9.19918e-01  7.54559e-01
7.660e-01  -9.21748e-01  7.54559e-01
7.665e-01  -9.23582e-01  7.54559e-01
7.670e-01  -9.25418e-01  7.54559e-01
7.675e-01  -9.27258e-01  7.54559e-01
7.680e-01  -9.29101e-01  7.54559e-01
7.685e-01  -9.30946e-01  7.54559e-01
7.690e-01  -9.32794e-01  7.54559e-01
7.695e-01  -9.34646e-01  7.54559e-01
7.700e-01  -9.36500e-01  7.54559e-01
7.705e-01  -9.38358e-01  7.54559e-01
7.710e-01  -9.40219e-01  7.54559e-01
7.715e-01  -9.42082e-01  7.54559e-01
7.720e-01  -9.43949e-01  7.54559e-01
7.725e-01  -9.45818e-01  7.54559e-01
7.730e-01  -9.47690e-01  7.54559e-01
7.735e-01  -9.49567e-01  7.54559e-01
7.740e-01  -9.51446e-01  7.54559e-01
7.745e-01  -9.53327e-01  7.54559e-01
7.750e-01  -9.55212e-01  7.54559e-01
7.755e-01  -9.57099e-01  7.54559e-01
7.760e-01  -9.58991e-01  7.54559e-01
7.765e-01  -9.60886e-01  7.54559e-01
7.770e-01  -9.62785e-01  7.54559e-01
7.775e-01  -9.64686e-01  7.54559e-01
7.780e-01  -9.66590e-01  7.54559e-01
7.785e-01  -9.68497e-01  7.54559e-01
7.790e-01  -9.70408e-01  7.54559e-01
7.795e-01  -9.72322e-01  7.54559e-01
7.800e-01  -9.74239e-01  7.54559e-01
7.805e-01  -9.76160e-01  7.54559e-01
7.810e-01  -9.78084e-01  7.54559e-01
7.815e-01  -9.80010e-01  7.54559e-01
7.820e-01  -9.81940e-01  7.54559e-01
7.825e-01  -9.83873e-01  7.54559e-01
7.830e-01  -9.85809e-01  7.54559e-01
7.835e-01  -9.87750e-01  7.54559e-01
7.840e-01  -9.89695e-01  7.54559e-01
7.845e-01  -9.91643e-01  7.54559e-01
7.850e-01  -9.93595e-01  7.54559e-01
7.855e-01  -9.95549e-01  7.54559e-01
7.860e-01  -9.97505e-01  7.54559e-01
7.865e-01  -9.99465e-01  7.54559e-01
7.870e-01  -1.00143e+00  7.54559e-01
7.875e-01  -1.00340e+00  7.54559e-01
7.880e-01  -1.00537e+00  7.54559e-01
7.885e-01  -1.00735e+00  7.54559e-01
7.890e-01  -1.00932e+00  7.54559e-01
7.895e-01  -1.01131e+00  7.54559e-01
7.900e-01  -1.01329e+00  7.54559e-01
7.905e-01  -1.01529e+00  7.54559e-01
7.910e-01  -1.01728e+00  7.54559e-01
7.915e-01  -1.01928e+00  7.54559e-01
7.920e-01  -1.02128e+00  7.54559e-01
7.925e-01  -1.02329e+00  7.54559e-01
7.930e-01  -1.02530e+00  7.54559e-01
7.935e-01  -1.02731e+00  7.54559e-01
7.940e-01  -1.02933e+00  7.54559e-01
7.945e-01  -1.03135e+00  7.54559e-01
7.950e-01  -1.03337e+00  7.54559e-01
7.955e-01  -1.03540e+00  7.54559e-01
7.960e-01  -1.03743e+00  7.54559e-01
7.965e-01  -1.03947e+00  7.54559e-01
7.970e-01  -1.04151e+00  7.54559e-01
7.975e-01  -1.04355e+00  7.54559e-01
7.980e-01  -1.04559e+00  7.54559e-01
7.985e-01  -1.04764e+00  7.54559e-01
7.990e-01  -1.04970e+00  7.54559e-01
7.995e-01  -1.05176e+00  7.54559e-01
8.000e-01  -1.05383e+00  7.54559e-01
8.005e-01  -1.05589e+00  7.54559e-01
8.010e-01  -1.05796e+00  7.54559e-01
8.015e-01  -1.06004e+00  7.54559e-01
8.020e-01  -1.06212e+00  7.54559e-01
8.025e-01  -1.06421e+00  7.54559e-01
8.030e-01  -1.06629e+00  7.54559e-01
8.035e-01  -1.06839e+00  7.54559e-01
8.040e-01  -1.07048e+00  7.54559e-01
8.045e-01  -1.07259e+00  7.54559e-01
8.050e-01  -1.07469e+00  7.54559e-01
8.055e-01  -1.07680e+00  7.54559e-01
8.060e-01  -1.07892e+00  7.54559e-01
8.065e-01  -1.08103e+00  7.54559e-01
8.070e-01  -1.08315e+00  7.54559e-01
8.075e-01  -1.08528e+00  7.54559e-01
8.080e-01  -1.08741e+00  7.54559e-01
8.085e-01  -1.08955e+00  7.54559e-01
8.090e-01  -1.09169e+00  7.54559e-01
8.095e-01  -1.09383e+00  7.54559e-01
8.100e-01  -1.09598e+00  7.54559e-01
8.105e-01  -1.09814e+00  7.54559e-01
8.110e-01  -1.10029e+00  7.54559e-01
8.115e-01  -1.10246e+00  7.54559e-01
8.120e-01  -1.10463e+00  7.54559e-01
8.125e-01  -1.10680e+00  7.54559e-01
8.130e-01  -1.10898e+00  7.54559e-01
8.135e-01  -1.11116e+00  7.54559e-01
8.140e-01  -1.11334e+00  7.54559e-01
8.145e-01  -1.11554e+00  7.54559e-01
8.150e-01  -1.11773e+00  7.54559e-01
8.155e-01  -1.11993e+00  7.54559e-01
8.160e-01  -1.12214e+00  7.54559e-01
8.165e-01  -1.12435e+00  7.54559e-01
8.170e-01  -1.12657e+00  7.54559e-01
8.175e-01  -1.12879e+00  7.54559e-01
8.180e-01  -1.13101e+00  7.54559e-01
8.185e-01  -1.13324e+00  7.54559e-01
8.190e-01  -1.13548e+00  7.54559e-01
8.195e-01  -1.13772e+00  7.54559e-01
8.200e-01  -1.13996e+00  7.54559e-01
8.205e-01  -1.14221e+00  7.54559e-01
8.210e-01  -1.14447e+00  7.54559e-01
8.215e-01  -1.14673e+00  7.54559e-01
8.220e-01  -1.14899e+00  7.54559e-01
8.225e-01  -1.15127e+00  7.54559e-01
8.230e-01  -1.15354e+00  7.54559e-01
8.235e-01  -1.15582e+00  7.54559e-01
8.240e-01  -1.15811e+00  7.54559e-01
8.245e-01  -1.16040e+00  7.54559e-01
8.250e-01  -1.16270e+00  7.54559e-01
8.255e-01  -1.16500e+00  7.54559e-01
8.260e-01  -1.16731e+00  7.54559e-01
8.265e-01  -1.16962e+00  7.54559e-01
8.270e-01  -1.17195e+00  7.54559e-01
8.275e-01  -1.17427e+00  7.54559e-01
8.280e-01  -1.17660e+00  7.54559e-01
8.285e-01  -1.17894e+00  7.54559e-01
8.290e-01  -1.18128e+00  7.54559e-01
8.295e-01  -1.18363e+00  7.54559e-01
8.300e-01  -1.18598e+00  7.54559e-01
8.305e-01  -1.18834e+00  7.54559e-01
8.310e-01  -1.19071e+00  7.54559e-01
8.315e-01  -1.19308e+00  7.54559e-01
8.320e-01  -1.19546e+00  7.54559e-01
8.325e-01  -1.19784e+00  7.54559e-01
8.330e-01  -1.20023e+00  7.54559e-01
8.335e-01  -1.20262e+00  7.54559e-01
8.340e-01  -1.20502e+00  7.54559e-01
8.345e-01  -1.20743e+00  7.54559e-01
8.350e-01  -1.20985e+00  7.54559e-01
8.355e-01  -1.21227e+00  7.54559e-01
8.360e-01  -1.21469e+00  7.54559e-01
8.365e-01  -1.21712e+00  7.54559e-01
8.370e-01  -1.21956e+00  7.54559e-01
8.375e-01  -1.22200e+00  7.54559e-01
8.380e-01  -1.22445e+00  7.54559e-01
8.385e-01  -1.22691e+00  7.54559e-01
8.390e-01  -1.22937e+00  7.54559e-01
8.395e-01  -1.23185e+00  7.54559e-01
8.400e-01  -1.23432e+00  7.54559e-01
8.405e-01  -1.23681e+00  7.54559e-01
8.410e-01  -1.23930e+00  7.54559e-01
8.415e-01  -1.24179e+00  7.54559e-01
8.420e-01  -1.24429e+00  7.54559e-01
8.425e-01  -1.24680e+00  7.54559e-01
8.430e-01  -1.24932e+00  7.54559e-01
8.435e-01  -1.25185e+00  7.54559e-01
8.440e-01  -1.25438e+00  7.54559e-01
8.445e-01  -1.25692e+00  7.54559e-01
8.450e-01  -1.25946e+00  7.54559e-01
8.455e-01  -1.26201e+00  7.54559e-01
8.460e-01  -1.26457e+00  7.54559e-01
8.465e-01  -1.26713e+00  7.54559e-01
8.470e-01  -1.26970e+00  7.54559e-01
8.475e-01  -1.27229e+00  7.54559e-01
8.480e-01  -1.27487e+00  7.54559e-01
8.485e-01  -1.27747e+00  7.54559e-01
8.490e-01  -1.28007e+00  7.54559e-01
8.495e-01  -1.28268e+00  7.54559e-01
8.500e-01  -1.28529e+00  7.54559e-01
8.505e-01  -1.28792e+00  7.54559e-01
8.510e-01  -1.29055e+00  7.54559e-01
8.515e-01  -1.29319e+00  7.54559e-01
8.520e-01  -1.29583e+00  7.54559e-01
8.525e-01  -1.29849e+00  7.54559e-01
8.530e-01  -1.30115e+00  7.54559e-01
8.535e-01  -1.30383e+00  7.54559e-01
8.540e-01  -1.30650e+00  7.54559e-01
8.545e-01  -1.30919e+00  7.54559e-01
8.550e-01  -1.31189e+00  7.54559e-01
8.555e-01  -1.31459e+00  7.54559e-01
8.560e-01  -1.31730e+00  7.54559e-01
8.565e-01  -1.32001e+00  7.54559e-01
8.570e-01  -1.32274e+00  7.54559e-01
8.575e-01  -1.32547e+00  7.54559e-01
8.580e-01  -1.32822e+00  7.54559e-01
8.585e-01  -1.33098e+00  7.54559e-01
8.590e-01  -1.33374e+00  7.54559e-01
8.595e-01  -1.33651e+00  7.54559e-01
8.600e-01  -1.33929e+00  7.54559e-01
8.605e-01  -1.34207e+00  7.54559e-01
8.610e-01  -1.34486e+00  7.54559e-01
8.615e-01  -1.34767e+00  7.54559e-01
8.620e-01  -1.35048e+00  7.54559e-01
8.625e-01  -1.35330e+00  7.54559e-01
8.630e-01  -1.35613e+00  7.54559e-01
8.635e-01  -1.35898e+00  7.54559e-01
8.640e-01  -1.36183e+00  7.54559e-01
8.645e-01  -1.36469e+00  7.54559e-01
8.650e-01  -1.36756e+00  7.54559e-01
8.655e-01  -1.37044e+00  7.54559e-01
8.660e-01  -1.37332e+00  7.54559e-01
8.665e-01  -1.37622e+00  7.54559e-01
8.670e-01  -1.37912e+00  7.54559e-01
8.675e-01  -1.38204e+00  7.54559e-01
8.680e-01  -1.38496e+00  7.54559e-01
8.685e-01  -1.38791e+00  7.54559e-01
8.690e-01  -1.39085e+00  7.54559e-01
8.695e-01  -1.39381e+00  7.54559e-01
8.700e-01  -1.39677e+00  7.54559e-01
8.705e-01  -1.39975e+00  7.54559e-01
8.710e-01  -1.40274e+00  7.54559e-01
8.715e-01  -1.40574e+00  7.54559e-01
8.720e-01  -1.40875e+00  7.54559e-01
8.725e-01  -1.41177e+00  7.54559e-01
8.730e-01  -1.41479e+00  7.54559e-01
8.735e-01  -1.41783e+00  7.54559e-01
8.740e-01  -1.42088e+00  7.54559e-01
8.745e-01  -1.42394e+00  7.54559e-01
8.750e-01  -1.42702e+00  7.54559e-01
8.755e-01  -1.43010e+00  7.54559e-01
8.760e-01  -1.43320e+00  7.54559e-01
8.765e-01  -1.43630e+00  7.54559e-01
8.770e-01  -1.43942e+00  7.54559e-01
8.775e-01  -1.44255e+00  7.54559e-01
8.780e-01  -1.44569e+00  7.54559e-01
8.785e-01  -1.44884e+00  7.54559e-01
8.790e-01  -1.45200e+00  7.54559e-01
8.795e-01  -1.45518e+00  7.54559e-01
8.800e-01  -1.45837e+00  7.54559e-01
8.805e-01  -1.46157e+00  7.54559e-01
8.810e-01  -1.46478e+00  7.54559e-01
8.815e-01  -1.46801e+00  7.54559e-01
8.820e-01  -1.47124e+00  7.54559e-01
8.825e-01  -1.47449e+00  7.54559e-01
8.830e-01  -1.47776e+00  7.54559e-01
8.835e-01  -1.48103e+00  7.54559e-01
8.840e-01  -1.48432e+00  7.54559e-01
8.845e-01  -1.48762e+00  7.54559e-01
8.850e-01  -1.49093e+00  7.54559e-01
8.855e-01  -1.49426e+00  7.54559e-01
8.860e-01  -1.49760e+00  7.54559e-01
8.865e-01  -1.50095e+00  7.54559e-01
8.870e-01  -1.50432e+00  7.54559e-01
8.875e-01  -1.50770e+00  7.54559e-01
8.880e-01  -1.51110e+00  7.54559e-01
8.885e-01  -1.51451e+00  7.54559e-01
8.890e-01  -1.51793e+00  7.54559e-01
8.895e-01  -1.52137e+00  7.54559e-01
8.900e-01  -1.52482e+00  7.54559e-01
8.905e-01  -1.52829e+00  7.54559e-01
8.910e-01  -1.53177e+00  7.54559e-01
8.915e-01  -1.53526e+00  7.54559e-01
8.920e-01  -1.53878e+00  7.54559e-01
8.925e-01  -1.54230e+00  7.54559e-01
8.930e-01  -1.54585e+00  7.54559e-01
8.935e-01  -1.54940e+00  7.54559e-01
8.940e-01  -1.55297e+00  7.54559e-01
8.945e-01  -1.55656e+00  7.54559e-01
8.950e-01  -1.56016e+00  7.54559e-01
8.955e-01  -1.56379e+00  7.54559e-01
8.960e-01  -1.56743e+00  7.54559e-01
8.965e-01  -1.57109e+00  7.54559e-01
8.970e-01  -1.57476e+00  7.54559e-01
8.975e-01  -1.57844e+00  7.54559e-01
8.980e-01  -1.58214e+00  7.54559e-01
8.985e-01  -1.58586e+00  7.54559e-01
8.990e-01  -1.58959e+00  7.54559e-01
8.995e-01  -1.59335e+00  7.54559e-01
9.000e-01  -1.59712e+00  7.54559e-01
9.005e-01  -1.60092e+00  7.54559e-01
9.010e-01  -1.60473e+00  7.54559e-01
9.015e-01  -1.60856e+00  7.54559e-01
9.020e-01  -1.61240e+00  7.54559e-01
9.025e-01  -1.61626e+00  7.54559e-01
9.030e-01  -1.62014e+00  7.54559e-01
9.035e-01  -1.62405e+00  7.54559e-01
9.040e-01  -1.62797e+00  7.54559e-01
9.045e-01  -1.63191e+00  7.54559e-01
9.050e-01  -1.63588e+00  7.54559e-01
9.055e-01  -1.63986e+00  7.54559e-01
9.060e-01  -1.64386e+00  7.54559e-01
9.065e-01  -1.64788e+00  7.54559e-01
9.070e-01  -1.65192e+00  7.54559e-01
9.075e-01  -1.65599e+00  7.54559e-01
9.080e-01  -1.66007e+00  7.54559e-01
9.085e-01  -1.66417e+00  7.54559e-01
9.090e-01  -1.66830e+00  7.54559e-01
9.095e-01  -1.67244e+00  7.54559e-01
9.100e-01  -1.67661e+00  7.54559e-01
9.105e-01  -1.68080e+00  7.54559e-01
9.110e-01  -1.68502e+00  7.54559e-01
9.115e-01  -1.68926e+00  7.54559e-01
9.120e-01  -1.69351e+00  7.54559e-01
9.125e-01  -1.69780e+00  7.54559e-01
9.130e-01  -1.70211e+00  7.54559e-01
9.135e-01  -1.70644e+00  7.54559e-01
9.140e-01  -1.71080e+00  7.54559e-01
9.145e-01  -1.71518e+00  7.54559e-01
9.150e-01  -1.71958e+00  7.54559e-01
9.155e-01  -1.72401e+00  7.54559e-01
9.160e-01  -1.72847e+00  7.54559e-01
9.165e-01  -1.73295e+00  7.54559e-01
9.170e-01  -1.73747e+00  7.54559e-01
9.175e-01  -1.74201e+00  7.54559e-01
9.180e-01  -1.74657e+00  7.54559e-01
9.185e-01  -1.75116e+00  7.54559e-01
9.190e-01  -1.75577e+00  7.54559e-01
9.195e-01  -1.76042e+00  7.54559e-01
9.200e-01  -1.76509e+00  7.54559e-01
9.205e-01  -1.76980e+00  7.54559e-01
9.210e-01  -1.77453e+00  7.54559e-01
9.215e-01  -1.77929e+00  7.54559e-01
9.220e-01  -1.78408e+00  7.54559e-01
9.225e-01  -1.78890e+00  7.54559e-01
9.230e-01  -1.79375e+00  7.54559e-01
9.235e-01  -1.79864e+00  7.54559e-01
9.240e-01  -1.80356e+00  7.54559e-01
9.245e-01  -1.80851e+00  7.54559e-01
9.250e-01  -1.81349e+00  7.54559e-01
9.255e-01  -1.81850e+00  7.54559e-01
9.260e-01  -1.82355e+00  7.54559e-01
9.265e-01  -1.82864e+00  7.54559e-01
9.270e-01  -1.83375e+00  7.54559e-01
9.275e-01  -1.83890e+00  7.54559e-01
9.280e-01  -1.84409e+00  7.54559e-01
9.285e-01  -1.84932e+00  7.54559e-01
9.290e-01  -1.85458e+00  7.54559e-01
9.295e-01  -1.85988e+00  7.54559e-01
9.300e-01  -1.86520e+00  7.54559e-01
9.305e-01  -1.87057e+00  7.54559e-01
9.310e-01  -1.87599e+00  7.54559e-01
9.315e-01  -1.88145e+00  7.54559e-01
9.320e-01  -1.88694e+00  7.54559e-01
9.325e-01  -1.89247e+00  7.54559e-01
9.330e-01  -1.89805e+00  7.54559e-01
9.335e-01  -1.90366e+00  7.54559e-01
9.340e-01  -1.90932e+00  7.54559e-01
9.345e-01  -1.91502e+00  7.54559e-01
9.350e-01  -1.92078e+00  7.54559e-01
9.355e-01  -1.92658e+00  7.54559e-01
9.360e-01  -1.93242e+00  7.54559e-01
9.365e-01  -1.93831e+00  7.54559e-01
9.370e-01  -1.94424e+00  7.54559e-01
9.375e-01  -1.95021e+00  7.54559e-01
9.380e-01  -1.95624e+00  7.54559e-01
9.385e-01  -1.96233e+00  7.54559e-01
9.390e-01  -1.96847e+00  7.54559e-01
9.395e-01  -1.97466e+00  7.54559e-01
9.400e-01  -1.98090e+00  7.54559e-01
9.405e-01  -1.98718e+00  7.54559e-01
9.410e-01  -1.99353e+00  7.54559e-01
9.415e-01  -1.99993e+00  7.54559e-01
9.420e-01  -2.00640e+00  7.54559e-01
9.425e-01  -2.01292e+00  7.54559e-01
9.430e-01  -2.01949e+00  7.54559e-01
9.435e-01  -2.02613e+00  7.54559e-01
9.440e-01  -2.03283e+00  7.54559e-01
9.445e-01  -2.03960e+00  7.54559e-01
9.450e-01  -2.04643e+00  7.54559e-01
9.455e-01  -2.05332e+00  7.54559e-01
9.460e-01  -2.06027e+00  7.54559e-01
9.465e-01  -2.06730e+00  7.54559e-01
9.470e-01  -2.07440e+00  7.54559e-01
9.475e-01  -2.08156e+00  7.54559e-01
9.480e-01  -2.08880e+00  7.54559e-01
9.485e-01  -2.09612e+00  7.54559e-01
9.490e-01  -2.10350e+00  7.54559e-01
9.495e-01  -2.11098e+00  7.54559e-01
9.500e-01  -2.11853e+00  7.54559e-01
9.505e-01  -2.12616e+00  7.54559e-01
9.510e-01  -2.13387e+00  7.54559e-01
9.515e-01  -2.14167e+00  7.54559e-01
9.520e-01  -2.14956e+00  7.54559e-01
9.525e-01  -2.15753e+00  7.54559e-01
9.530e-01  -2.16558e+00  7.54559e-01
9.535e-01  -2.17375e+00  7.54559e-01
9.540e-01  -2.18201e+00  7.54559e-01
9.545e-01  -2.19036e+00  7.54559e-01
9.550e-01  -2.19881e+00  7.54559e-01
9.555e-01  -2.20737e+00  7.54559e-01
9.560e-01  -2.21602e+00  7.54559e-01
9.565e-01  -2.22480e+00  7.54559e-01
9.570e-01  -2.23369e+00  7.54559e-01
9.575e-01  -2.24270e+00  7.54559e-01
9.580e-01  -2.25181e+00  7.54559e-01
9.585e-01  -2.26105e+00  7.54559e-01
9.590e-01  -2.27041e+00  7.54559e-01
9.595e-01  -2.27989e+00  7.54559e-01
9.600e-01  -2.28952e+00  7.54559e-01
9.605e-01  -2.29927e+00  7.54559e-01
9.610e-01  -2.30918e+00  7.54559e-01
9.615e-01  -2.31922e+00  7.54559e-01
9.620e-01  -2.32941e+00  7.54559e-01
9.625e-01  -2.33976e+00  7.54559e-01
9.630e-01  -2.35026e+00  7.54559e-01
9.635e-01  -2.36091e+00  7.54559e-01
9.640e-01  -2.37177e+00  7.54559e-01
9.645e-01  -2.38276e+00  7.54559e-01
9.650e-01  -2.39394e+00  7.54559e-01
9.655e-01  -2.40533e+00  7.54559e-01
9.660e-01  -2.41691e+00  7.54559e-01
9.665e-01  -2.42867e+00  7.54559e-01
9.670e-01  -2.44064e+00  7.54559e-01
9.675e-01  -2.45282e+00  7.54559e-01
9.680e-01  -2.46526e+00  7.54559e-01
9.685e-01  -2.47791e+00  7.54559e-01
9.690e-01  -2.49080e+00  7.54559e-01
9.695e-01  -2.50391e+00  7.54559e-01
9.700e-01  -2.51731e+00  7.54559e-01
9.705e-01  -2.53099e+00  7.54559e-01
9.710e-01  -2.54492e+00  7.54559e-01
9.715e-01  -2.55916e+00  7.54559e-01
9.720e-01  -2.57369e+00  7.54559e-01
9.725e-01  -2.58853e+00  7.54559e-01
9.730e-01  -2.60372e+00  7.54559e-01
9.735e-01  -2.61924e+00  7.54559e-01
9.740e-01  -2.63511e+00  7.54559e-01
9.745e-01  -2.65138e+00  7.54559e-01
9.750e-01  -2.66803e+00  7.54559e-01
9.755e-01  -2.68508e+00  7.54559e-01
9.760e-01  -2.70254e+00  7.54559e-01
9.765e-01  -2.72048e+00  7.54559e-01
9.770e-01  -2.73885e+00  7.54559e-01
9.775e-01  -2.75767e+00  7.54559e-01
9.780e-01  -2.77699e+00  7.54559e-01
9.785e-01  -2.79687e+00  7.54559e-01
9.790e-01  -2.81727e+00  7.54559e-01
9.795e-01  -2.83819e+00  7.54559e-01
9.800e-01  -2.85972e+00  7.54559e-01
9.805e-01  -2.88190e+00  7.54559e-01
9.810e-01  -2.90468e+00  7.54559e-01
9.815e-01  -2.92809e+00  7.54559e-01
9.820e-01  -2.95227e+00  7.54559e-01
9.825e-01  -2.97718e+00  7.54559e-01
9.830e-01  -3.00283e+00  7.54559e-01
9.835e-01  -3.02936e+00  7.54559e-01
9.840e-01  -3.05685e+00  7.54559e-01
9.845e-01  -3.08532e+00  7.54559e-01
9.850e-01  -3.11490e+00  7.54559e-01
9.855e-01  -3.14568e+00  7.54559e-01
9.860e-01  -3.17787e+00  7.54559e-01
9.865e-01  -3.21162e+00  7.54559e-01
9.870e-01  -3.24709e+00  7.54559e-01
9.875e-01  -3.28450e+00  7.54559e-01
9.880e-01  -3.32415e+00  7.54559e-01
9.885e-01  -3.36622e+00  7.54559e-01
9.890e-01  -3.41121e+00  7.54559e-01
9.895e-01  -3.45933e+00  7.54559e-01
9.900e-01  -3.51100e+00  7.54559e-01
9.905e-01  -3.56676e+00  7.54559e-01
9.910e-01  -3.62688e+00  7.54559e-01
9.915e-01  -3.69185e+00  7.54559e-01
9.920e-01  -3.76231e+00  7.54559e-01
9.925e-01  -3.83880e+00  7.54559e-01
9.930e-01  -3.92204e+00  7.54559e-01
9.935e-01  -4.01264e+00  7.54559e-01
9.940e-01  -4.11186e+00  7.54559e-01
9.945e-01  -4.22082e+00  7.54559e-01
9.950e-01  -4.34059e+00  7.54559e-01
9.955e-01  -4.47329e+00  7.54559e-01
9.960e-01  -4.62021e+00  7.54559e-01
9.965e-01  -4.78393e+00  7.54559e-01
9.970e-01  -4.96706e+00  7.54559e-01
9.975e-01  -5.17241e+00  7.54559e-01
9.980e-01  -5.40496e+00  7.54559e-01
9.985e-01  -5.66982e+00  7.54559e-01
9.990e-01  -5.97624e+00  7.54559e-01
9.995e-01  -6.33567e+00  7.54559e-01
1.000e+00  -6.76134e+00  7.54559e-01
