# Magnus solar model B23-MB22m
#
# Reference:  Y. Herrera and A. Serenelli, "Standard Solar Models B23 / SF-III", Zenodo, v1.2 (2023), doi:10.5281/zenodo.10822316; solar composition Magg et al. (2022), A&A 661, A140 (meteoritic)
# Source:     https://zenodo.org/records/10822316/files/SolarModels_ICE2023_v1.2.zip
# Original:   SolarModels/struct+nu_SF3_MB22m.dat
# Retrieved:  2026-09-23
# SHA-256:    382037d76ed35c9b50a4094d3ada3c90284af025c3235b49cda9d932699f87d0 (of SolarModels_ICE2023_v1.2.zip)
# Terms:      Creative Commons Attribution 4.0 International (CC-BY-4.0).
# Modified:   columns extracted only -- radius [R_sun], log10_rho_g_per_cm3, hydrogen mass fraction X --
#             each value copied from the original as written; nothing recomputed or rounded.
#             Built by tools/build_solar_model_tables.py.
# density_column: log10_rho_g_per_cm3
#
# The original header follows, as the authors wrote it:
#
#    #     R_sun        mass_sun           L_sun            logR            logT            logP          logRho          Csound              dm           nu_pp          nu_pep          nu_hep          nu_7Be           nu_8B          nu_13N          nu_15O          nu_17F          log_ne              H1             He4             He3             C12             C13             N14             N15             O16             O17             O18              Ne              Na              Mg              Al              Si               P               S              Cl              Ar               K              Ca              Sc              Ti               V              Cr              Mn              Fe              Co              Ni
#
# r_over_r_sun  log10_rho_g_per_cm3  x_hydrogen
0.000e+00  2.17609e+00  3.45924e-01
5.000e-04  2.17606e+00  3.45955e-01
1.000e-03  2.17605e+00  3.45969e-01
1.500e-03  2.17602e+00  3.45991e-01
2.000e-03  2.17596e+00  3.46037e-01
2.500e-03  2.17589e+00  3.46101e-01
3.000e-03  2.17580e+00  3.46179e-01
3.500e-03  2.17570e+00  3.46274e-01
4.000e-03  2.17557e+00  3.46384e-01
4.500e-03  2.17543e+00  3.46509e-01
5.000e-03  2.17528e+00  3.46650e-01
5.500e-03  2.17511e+00  3.46806e-01
6.000e-03  2.17492e+00  3.46975e-01
6.500e-03  2.17471e+00  3.47161e-01
7.000e-03  2.17449e+00  3.47361e-01
7.500e-03  2.17425e+00  3.47574e-01
8.000e-03  2.17400e+00  3.47804e-01
8.500e-03  2.17373e+00  3.48047e-01
9.000e-03  2.17344e+00  3.48306e-01
9.500e-03  2.17314e+00  3.48578e-01
1.000e-02  2.17282e+00  3.48866e-01
1.050e-02  2.17249e+00  3.49168e-01
1.100e-02  2.17214e+00  3.49485e-01
1.150e-02  2.17177e+00  3.49815e-01
1.200e-02  2.17139e+00  3.50160e-01
1.250e-02  2.17099e+00  3.50519e-01
1.300e-02  2.17057e+00  3.50893e-01
1.350e-02  2.17014e+00  3.51281e-01
1.400e-02  2.16970e+00  3.51683e-01
1.450e-02  2.16924e+00  3.52098e-01
1.500e-02  2.16876e+00  3.52528e-01
1.550e-02  2.16827e+00  3.52973e-01
1.600e-02  2.16775e+00  3.53430e-01
1.650e-02  2.16723e+00  3.53902e-01
1.700e-02  2.16669e+00  3.54387e-01
1.750e-02  2.16614e+00  3.54886e-01
1.800e-02  2.16557e+00  3.55398e-01
1.850e-02  2.16498e+00  3.55925e-01
1.900e-02  2.16438e+00  3.56464e-01
1.950e-02  2.16377e+00  3.57018e-01
2.000e-02  2.16314e+00  3.57584e-01
2.050e-02  2.16250e+00  3.58163e-01
2.100e-02  2.16184e+00  3.58756e-01
2.150e-02  2.16116e+00  3.59361e-01
2.200e-02  2.16047e+00  3.59980e-01
2.250e-02  2.15977e+00  3.60611e-01
2.300e-02  2.15905e+00  3.61256e-01
2.350e-02  2.15832e+00  3.61912e-01
2.400e-02  2.15757e+00  3.62582e-01
2.450e-02  2.15681e+00  3.63264e-01
2.500e-02  2.15604e+00  3.63959e-01
2.550e-02  2.15525e+00  3.64665e-01
2.600e-02  2.15444e+00  3.65385e-01
2.650e-02  2.15363e+00  3.66116e-01
2.700e-02  2.15280e+00  3.66859e-01
2.750e-02  2.15195e+00  3.67615e-01
2.800e-02  2.15109e+00  3.68382e-01
2.850e-02  2.15022e+00  3.69160e-01
2.900e-02  2.14934e+00  3.69950e-01
2.950e-02  2.14844e+00  3.70752e-01
3.000e-02  2.14754e+00  3.71566e-01
3.050e-02  2.14661e+00  3.72390e-01
3.100e-02  2.14567e+00  3.73226e-01
3.150e-02  2.14473e+00  3.74073e-01
3.200e-02  2.14376e+00  3.74930e-01
3.250e-02  2.14279e+00  3.75798e-01
3.300e-02  2.14179e+00  3.76677e-01
3.350e-02  2.14080e+00  3.77568e-01
3.400e-02  2.13978e+00  3.78468e-01
3.450e-02  2.13876e+00  3.79378e-01
3.500e-02  2.13773e+00  3.80299e-01
3.550e-02  2.13668e+00  3.81230e-01
3.600e-02  2.13562e+00  3.82171e-01
3.650e-02  2.13455e+00  3.83121e-01
3.700e-02  2.13346e+00  3.84082e-01
3.750e-02  2.13237e+00  3.85052e-01
3.800e-02  2.13126e+00  3.86032e-01
3.850e-02  2.13013e+00  3.87021e-01
3.900e-02  2.12901e+00  3.88019e-01
3.950e-02  2.12787e+00  3.89026e-01
4.000e-02  2.12672e+00  3.90042e-01
4.050e-02  2.12556e+00  3.91067e-01
4.100e-02  2.12438e+00  3.92100e-01
4.150e-02  2.12319e+00  3.93143e-01
4.200e-02  2.12200e+00  3.94194e-01
4.250e-02  2.12079e+00  3.95253e-01
4.300e-02  2.11958e+00  3.96321e-01
4.350e-02  2.11835e+00  3.97396e-01
4.400e-02  2.11712e+00  3.98479e-01
4.450e-02  2.11587e+00  3.99571e-01
4.500e-02  2.11461e+00  4.00669e-01
4.550e-02  2.11334e+00  4.01775e-01
4.600e-02  2.11206e+00  4.02888e-01
4.650e-02  2.11077e+00  4.04009e-01
4.700e-02  2.10947e+00  4.05137e-01
4.750e-02  2.10815e+00  4.06272e-01
4.800e-02  2.10684e+00  4.07413e-01
4.850e-02  2.10551e+00  4.08562e-01
4.900e-02  2.10418e+00  4.09717e-01
4.950e-02  2.10283e+00  4.10878e-01
5.000e-02  2.10148e+00  4.12045e-01
5.050e-02  2.10011e+00  4.13219e-01
5.100e-02  2.09874e+00  4.14399e-01
5.150e-02  2.09736e+00  4.15586e-01
5.200e-02  2.09597e+00  4.16777e-01
5.250e-02  2.09457e+00  4.17974e-01
5.300e-02  2.09317e+00  4.19177e-01
5.350e-02  2.09176e+00  4.20384e-01
5.400e-02  2.09033e+00  4.21597e-01
5.450e-02  2.08890e+00  4.22816e-01
5.500e-02  2.08746e+00  4.24039e-01
5.550e-02  2.08601e+00  4.25268e-01
5.600e-02  2.08456e+00  4.26501e-01
5.650e-02  2.08311e+00  4.27738e-01
5.700e-02  2.08165e+00  4.28980e-01
5.750e-02  2.08017e+00  4.30226e-01
5.800e-02  2.07868e+00  4.31477e-01
5.850e-02  2.07719e+00  4.32731e-01
5.900e-02  2.07570e+00  4.33990e-01
5.950e-02  2.07419e+00  4.35252e-01
6.000e-02  2.07268e+00  4.36518e-01
6.050e-02  2.07116e+00  4.37788e-01
6.100e-02  2.06964e+00  4.39061e-01
6.150e-02  2.06811e+00  4.40337e-01
6.200e-02  2.06658e+00  4.41616e-01
6.250e-02  2.06503e+00  4.42900e-01
6.300e-02  2.06349e+00  4.44185e-01
6.350e-02  2.06193e+00  4.45473e-01
6.400e-02  2.06037e+00  4.46765e-01
6.450e-02  2.05879e+00  4.48059e-01
6.500e-02  2.05722e+00  4.49355e-01
6.550e-02  2.05564e+00  4.50654e-01
6.600e-02  2.05406e+00  4.51955e-01
6.650e-02  2.05247e+00  4.53258e-01
6.700e-02  2.05087e+00  4.54563e-01
6.750e-02  2.04927e+00  4.55870e-01
6.800e-02  2.04767e+00  4.57179e-01
6.850e-02  2.04605e+00  4.58489e-01
6.900e-02  2.04443e+00  4.59802e-01
6.950e-02  2.04281e+00  4.61115e-01
7.000e-02  2.04118e+00  4.62430e-01
7.050e-02  2.03955e+00  4.63746e-01
7.100e-02  2.03791e+00  4.65063e-01
7.150e-02  2.03626e+00  4.66381e-01
7.200e-02  2.03462e+00  4.67700e-01
7.250e-02  2.03296e+00  4.69020e-01
7.300e-02  2.03131e+00  4.70341e-01
7.350e-02  2.02964e+00  4.71662e-01
7.400e-02  2.02798e+00  4.72983e-01
7.450e-02  2.02630e+00  4.74305e-01
7.500e-02  2.02463e+00  4.75628e-01
7.550e-02  2.02294e+00  4.76949e-01
7.600e-02  2.02126e+00  4.78271e-01
7.650e-02  2.01958e+00  4.79594e-01
7.700e-02  2.01789e+00  4.80916e-01
7.750e-02  2.01619e+00  4.82238e-01
7.800e-02  2.01449e+00  4.83559e-01
7.850e-02  2.01278e+00  4.84879e-01
7.900e-02  2.01107e+00  4.86199e-01
7.950e-02  2.00936e+00  4.87518e-01
8.000e-02  2.00765e+00  4.88836e-01
8.050e-02  2.00593e+00  4.90154e-01
8.100e-02  2.00421e+00  4.91471e-01
8.150e-02  2.00248e+00  4.92787e-01
8.200e-02  2.00075e+00  4.94101e-01
8.250e-02  1.99902e+00  4.95414e-01
8.300e-02  1.99728e+00  4.96725e-01
8.350e-02  1.99554e+00  4.98035e-01
8.400e-02  1.99380e+00  4.99343e-01
8.450e-02  1.99205e+00  5.00650e-01
8.500e-02  1.99030e+00  5.01955e-01
8.550e-02  1.98855e+00  5.03258e-01
8.600e-02  1.98679e+00  5.04559e-01
8.650e-02  1.98503e+00  5.05859e-01
8.700e-02  1.98327e+00  5.07156e-01
8.750e-02  1.98151e+00  5.08450e-01
8.800e-02  1.97974e+00  5.09742e-01
8.850e-02  1.97797e+00  5.11033e-01
8.900e-02  1.97620e+00  5.12321e-01
8.950e-02  1.97443e+00  5.13606e-01
9.000e-02  1.97265e+00  5.14888e-01
9.050e-02  1.97086e+00  5.16167e-01
9.100e-02  1.96908e+00  5.17444e-01
9.150e-02  1.96730e+00  5.18718e-01
9.200e-02  1.96551e+00  5.19989e-01
9.250e-02  1.96372e+00  5.21257e-01
9.300e-02  1.96193e+00  5.22522e-01
9.350e-02  1.96013e+00  5.23784e-01
9.400e-02  1.95833e+00  5.25043e-01
9.450e-02  1.95654e+00  5.26298e-01
9.500e-02  1.95474e+00  5.27550e-01
9.550e-02  1.95293e+00  5.28798e-01
9.600e-02  1.95112e+00  5.30043e-01
9.650e-02  1.94931e+00  5.31286e-01
9.700e-02  1.94750e+00  5.32524e-01
9.750e-02  1.94569e+00  5.33757e-01
9.800e-02  1.94388e+00  5.34987e-01
9.850e-02  1.94205e+00  5.36215e-01
9.900e-02  1.94023e+00  5.37438e-01
9.950e-02  1.93842e+00  5.38657e-01
1.000e-01  1.93659e+00  5.39873e-01
1.005e-01  1.93477e+00  5.41083e-01
1.010e-01  1.93295e+00  5.42288e-01
1.015e-01  1.93112e+00  5.43492e-01
1.020e-01  1.92929e+00  5.44692e-01
1.025e-01  1.92745e+00  5.45888e-01
1.030e-01  1.92562e+00  5.47077e-01
1.035e-01  1.92379e+00  5.48262e-01
1.040e-01  1.92195e+00  5.49444e-01
1.045e-01  1.92011e+00  5.50623e-01
1.050e-01  1.91827e+00  5.51796e-01
1.055e-01  1.91643e+00  5.52964e-01
1.060e-01  1.91458e+00  5.54127e-01
1.065e-01  1.91274e+00  5.55286e-01
1.070e-01  1.91089e+00  5.56442e-01
1.075e-01  1.90905e+00  5.57592e-01
1.080e-01  1.90720e+00  5.58739e-01
1.085e-01  1.90534e+00  5.59879e-01
1.090e-01  1.90349e+00  5.61014e-01
1.095e-01  1.90163e+00  5.62147e-01
1.100e-01  1.89978e+00  5.63273e-01
1.105e-01  1.89792e+00  5.64394e-01
1.110e-01  1.89606e+00  5.65512e-01
1.115e-01  1.89420e+00  5.66624e-01
1.120e-01  1.89233e+00  5.67731e-01
1.125e-01  1.89047e+00  5.68831e-01
1.130e-01  1.88861e+00  5.69930e-01
1.135e-01  1.88674e+00  5.71020e-01
1.140e-01  1.88487e+00  5.72107e-01
1.145e-01  1.88301e+00  5.73189e-01
1.150e-01  1.88114e+00  5.74267e-01
1.155e-01  1.87926e+00  5.75340e-01
1.160e-01  1.87739e+00  5.76406e-01
1.165e-01  1.87552e+00  5.77467e-01
1.170e-01  1.87364e+00  5.78523e-01
1.175e-01  1.87176e+00  5.79573e-01
1.180e-01  1.86989e+00  5.80618e-01
1.185e-01  1.86801e+00  5.81658e-01
1.190e-01  1.86613e+00  5.82693e-01
1.195e-01  1.86424e+00  5.83723e-01
1.200e-01  1.86236e+00  5.84747e-01
1.205e-01  1.86047e+00  5.85766e-01
1.210e-01  1.85859e+00  5.86780e-01
1.215e-01  1.85670e+00  5.87789e-01
1.220e-01  1.85481e+00  5.88792e-01
1.225e-01  1.85292e+00  5.89788e-01
1.230e-01  1.85103e+00  5.90780e-01
1.235e-01  1.84914e+00  5.91767e-01
1.240e-01  1.84724e+00  5.92748e-01
1.245e-01  1.84535e+00  5.93724e-01
1.250e-01  1.84345e+00  5.94694e-01
1.255e-01  1.84156e+00  5.95658e-01
1.260e-01  1.83967e+00  5.96617e-01
1.265e-01  1.83777e+00  5.97570e-01
1.270e-01  1.83586e+00  5.98518e-01
1.275e-01  1.83396e+00  5.99461e-01
1.280e-01  1.83206e+00  6.00399e-01
1.285e-01  1.83015e+00  6.01331e-01
1.290e-01  1.82824e+00  6.02256e-01
1.295e-01  1.82633e+00  6.03176e-01
1.300e-01  1.82443e+00  6.04092e-01
1.305e-01  1.82251e+00  6.05002e-01
1.310e-01  1.82060e+00  6.05906e-01
1.315e-01  1.81869e+00  6.06804e-01
1.320e-01  1.81678e+00  6.07696e-01
1.325e-01  1.81486e+00  6.08582e-01
1.330e-01  1.81295e+00  6.09463e-01
1.335e-01  1.81103e+00  6.10340e-01
1.340e-01  1.80911e+00  6.11210e-01
1.345e-01  1.80719e+00  6.12076e-01
1.350e-01  1.80527e+00  6.12935e-01
1.355e-01  1.80335e+00  6.13790e-01
1.360e-01  1.80142e+00  6.14638e-01
1.365e-01  1.79950e+00  6.15481e-01
1.370e-01  1.79757e+00  6.16319e-01
1.375e-01  1.79564e+00  6.17150e-01
1.380e-01  1.79372e+00  6.17976e-01
1.385e-01  1.79179e+00  6.18797e-01
1.390e-01  1.78986e+00  6.19612e-01
1.395e-01  1.78792e+00  6.20423e-01
1.400e-01  1.78599e+00  6.21228e-01
1.405e-01  1.78406e+00  6.22026e-01
1.410e-01  1.78212e+00  6.22819e-01
1.415e-01  1.78018e+00  6.23608e-01
1.420e-01  1.77825e+00  6.24392e-01
1.425e-01  1.77631e+00  6.25169e-01
1.430e-01  1.77437e+00  6.25941e-01
1.435e-01  1.77242e+00  6.26709e-01
1.440e-01  1.77048e+00  6.27471e-01
1.445e-01  1.76853e+00  6.28226e-01
1.450e-01  1.76659e+00  6.28979e-01
1.455e-01  1.76464e+00  6.29725e-01
1.460e-01  1.76269e+00  6.30466e-01
1.465e-01  1.76074e+00  6.31201e-01
1.470e-01  1.75879e+00  6.31930e-01
1.475e-01  1.75684e+00  6.32656e-01
1.480e-01  1.75489e+00  6.33376e-01
1.485e-01  1.75293e+00  6.34091e-01
1.490e-01  1.75097e+00  6.34801e-01
1.495e-01  1.74901e+00  6.35507e-01
1.500e-01  1.74705e+00  6.36207e-01
1.505e-01  1.74509e+00  6.36901e-01
1.510e-01  1.74313e+00  6.37590e-01
1.515e-01  1.74116e+00  6.38275e-01
1.520e-01  1.73919e+00  6.38955e-01
1.525e-01  1.73723e+00  6.39630e-01
1.530e-01  1.73526e+00  6.40300e-01
1.535e-01  1.73329e+00  6.40965e-01
1.540e-01  1.73131e+00  6.41625e-01
1.545e-01  1.72934e+00  6.42280e-01
1.550e-01  1.72737e+00  6.42931e-01
1.555e-01  1.72539e+00  6.43576e-01
1.560e-01  1.72341e+00  6.44216e-01
1.565e-01  1.72143e+00  6.44851e-01
1.570e-01  1.71945e+00  6.45482e-01
1.575e-01  1.71746e+00  6.46108e-01
1.580e-01  1.71548e+00  6.46729e-01
1.585e-01  1.71350e+00  6.47344e-01
1.590e-01  1.71151e+00  6.47956e-01
1.595e-01  1.70951e+00  6.48563e-01
1.600e-01  1.70752e+00  6.49165e-01
1.605e-01  1.70553e+00  6.49762e-01
1.610e-01  1.70353e+00  6.50354e-01
1.615e-01  1.70154e+00  6.50941e-01
1.620e-01  1.69954e+00  6.51523e-01
1.625e-01  1.69755e+00  6.52100e-01
1.630e-01  1.69554e+00  6.52674e-01
1.635e-01  1.69354e+00  6.53243e-01
1.640e-01  1.69153e+00  6.53807e-01
1.645e-01  1.68953e+00  6.54365e-01
1.650e-01  1.68752e+00  6.54919e-01
1.655e-01  1.68551e+00  6.55468e-01
1.660e-01  1.68350e+00  6.56013e-01
1.665e-01  1.68148e+00  6.56553e-01
1.670e-01  1.67946e+00  6.57089e-01
1.675e-01  1.67745e+00  6.57620e-01
1.680e-01  1.67543e+00  6.58146e-01
1.685e-01  1.67342e+00  6.58667e-01
1.690e-01  1.67139e+00  6.59185e-01
1.695e-01  1.66937e+00  6.59698e-01
1.700e-01  1.66734e+00  6.60205e-01
1.705e-01  1.66532e+00  6.60708e-01
1.710e-01  1.66329e+00  6.61207e-01
1.715e-01  1.66126e+00  6.61701e-01
1.720e-01  1.65923e+00  6.62192e-01
1.725e-01  1.65719e+00  6.62678e-01
1.730e-01  1.65516e+00  6.63159e-01
1.735e-01  1.65313e+00  6.63636e-01
1.740e-01  1.65108e+00  6.64108e-01
1.745e-01  1.64903e+00  6.64576e-01
1.750e-01  1.64699e+00  6.65040e-01
1.755e-01  1.64495e+00  6.65499e-01
1.760e-01  1.64291e+00  6.65954e-01
1.765e-01  1.64087e+00  6.66405e-01
1.770e-01  1.63881e+00  6.66852e-01
1.775e-01  1.63676e+00  6.67295e-01
1.780e-01  1.63471e+00  6.67733e-01
1.785e-01  1.63266e+00  6.68167e-01
1.790e-01  1.63060e+00  6.68597e-01
1.795e-01  1.62855e+00  6.69024e-01
1.800e-01  1.62648e+00  6.69446e-01
1.805e-01  1.62442e+00  6.69864e-01
1.810e-01  1.62235e+00  6.70279e-01
1.815e-01  1.62029e+00  6.70689e-01
1.820e-01  1.61823e+00  6.71095e-01
1.825e-01  1.61615e+00  6.71498e-01
1.830e-01  1.61408e+00  6.71896e-01
1.835e-01  1.61201e+00  6.72291e-01
1.840e-01  1.60994e+00  6.72682e-01
1.845e-01  1.60786e+00  6.73069e-01
1.850e-01  1.60579e+00  6.73453e-01
1.855e-01  1.60370e+00  6.73833e-01
1.860e-01  1.60162e+00  6.74209e-01
1.865e-01  1.59954e+00  6.74581e-01
1.870e-01  1.59745e+00  6.74950e-01
1.875e-01  1.59536e+00  6.75315e-01
1.880e-01  1.59327e+00  6.75677e-01
1.885e-01  1.59118e+00  6.76036e-01
1.890e-01  1.58909e+00  6.76391e-01
1.895e-01  1.58699e+00  6.76742e-01
1.900e-01  1.58489e+00  6.77090e-01
1.905e-01  1.58280e+00  6.77434e-01
1.910e-01  1.58070e+00  6.77775e-01
1.915e-01  1.57860e+00  6.78113e-01
1.920e-01  1.57650e+00  6.78447e-01
1.925e-01  1.57439e+00  6.78778e-01
1.930e-01  1.57228e+00  6.79105e-01
1.935e-01  1.57017e+00  6.79430e-01
1.940e-01  1.56805e+00  6.79752e-01
1.945e-01  1.56594e+00  6.80070e-01
1.950e-01  1.56383e+00  6.80385e-01
1.955e-01  1.56171e+00  6.80697e-01
1.960e-01  1.55959e+00  6.81006e-01
1.965e-01  1.55747e+00  6.81311e-01
1.970e-01  1.55535e+00  6.81614e-01
1.975e-01  1.55322e+00  6.81914e-01
1.980e-01  1.55109e+00  6.82211e-01
1.985e-01  1.54896e+00  6.82505e-01
1.990e-01  1.54683e+00  6.82795e-01
1.995e-01  1.54470e+00  6.83083e-01
2.000e-01  1.54256e+00  6.83368e-01
2.005e-01  1.54042e+00  6.83650e-01
2.010e-01  1.53828e+00  6.83929e-01
2.015e-01  1.53614e+00  6.84205e-01
2.020e-01  1.53400e+00  6.84478e-01
2.025e-01  1.53186e+00  6.84749e-01
2.030e-01  1.52971e+00  6.85018e-01
2.035e-01  1.52756e+00  6.85283e-01
2.040e-01  1.52541e+00  6.85545e-01
2.045e-01  1.52326e+00  6.85805e-01
2.050e-01  1.52110e+00  6.86063e-01
2.055e-01  1.51895e+00  6.86318e-01
2.060e-01  1.51679e+00  6.86570e-01
2.065e-01  1.51463e+00  6.86819e-01
2.070e-01  1.51247e+00  6.87066e-01
2.075e-01  1.51031e+00  6.87310e-01
2.080e-01  1.50814e+00  6.87552e-01
2.085e-01  1.50597e+00  6.87791e-01
2.090e-01  1.50380e+00  6.88028e-01
2.095e-01  1.50163e+00  6.88262e-01
2.100e-01  1.49946e+00  6.88494e-01
2.105e-01  1.49728e+00  6.88724e-01
2.110e-01  1.49511e+00  6.88951e-01
2.115e-01  1.49293e+00  6.89176e-01
2.120e-01  1.49075e+00  6.89398e-01
2.125e-01  1.48856e+00  6.89618e-01
2.130e-01  1.48638e+00  6.89836e-01
2.135e-01  1.48419e+00  6.90051e-01
2.140e-01  1.48200e+00  6.90264e-01
2.145e-01  1.47981e+00  6.90475e-01
2.150e-01  1.47762e+00  6.90683e-01
2.155e-01  1.47542e+00  6.90890e-01
2.160e-01  1.47322e+00  6.91094e-01
2.165e-01  1.47102e+00  6.91296e-01
2.170e-01  1.46882e+00  6.91496e-01
2.175e-01  1.46662e+00  6.91694e-01
2.180e-01  1.46442e+00  6.91890e-01
2.185e-01  1.46222e+00  6.92084e-01
2.190e-01  1.46001e+00  6.92276e-01
2.195e-01  1.45780e+00  6.92466e-01
2.200e-01  1.45559e+00  6.92654e-01
2.205e-01  1.45338e+00  6.92840e-01
2.210e-01  1.45116e+00  6.93023e-01
2.215e-01  1.44895e+00  6.93205e-01
2.220e-01  1.44672e+00  6.93385e-01
2.225e-01  1.44450e+00  6.93564e-01
2.230e-01  1.44228e+00  6.93740e-01
2.235e-01  1.44006e+00  6.93914e-01
2.240e-01  1.43783e+00  6.94086e-01
2.245e-01  1.43561e+00  6.94257e-01
2.250e-01  1.43338e+00  6.94425e-01
2.255e-01  1.43115e+00  6.94591e-01
2.260e-01  1.42892e+00  6.94756e-01
2.265e-01  1.42668e+00  6.94918e-01
2.270e-01  1.42445e+00  6.95079e-01
2.275e-01  1.42221e+00  6.95239e-01
2.280e-01  1.41997e+00  6.95396e-01
2.285e-01  1.41773e+00  6.95552e-01
2.290e-01  1.41548e+00  6.95707e-01
2.295e-01  1.41324e+00  6.95860e-01
2.300e-01  1.41099e+00  6.96011e-01
2.305e-01  1.40873e+00  6.96161e-01
2.310e-01  1.40648e+00  6.96309e-01
2.315e-01  1.40423e+00  6.96455e-01
2.320e-01  1.40197e+00  6.96599e-01
2.325e-01  1.39971e+00  6.96742e-01
2.330e-01  1.39746e+00  6.96883e-01
2.335e-01  1.39520e+00  6.97022e-01
2.340e-01  1.39294e+00  6.97160e-01
2.345e-01  1.39068e+00  6.97296e-01
2.350e-01  1.38841e+00  6.97432e-01
2.355e-01  1.38615e+00  6.97566e-01
2.360e-01  1.38388e+00  6.97699e-01
2.365e-01  1.38161e+00  6.97830e-01
2.370e-01  1.37933e+00  6.97959e-01
2.375e-01  1.37706e+00  6.98087e-01
2.380e-01  1.37478e+00  6.98213e-01
2.385e-01  1.37251e+00  6.98338e-01
2.390e-01  1.37023e+00  6.98461e-01
2.395e-01  1.36795e+00  6.98583e-01
2.400e-01  1.36567e+00  6.98704e-01
2.405e-01  1.36339e+00  6.98824e-01
2.410e-01  1.36110e+00  6.98942e-01
2.415e-01  1.35881e+00  6.99059e-01
2.420e-01  1.35653e+00  6.99174e-01
2.425e-01  1.35424e+00  6.99288e-01
2.430e-01  1.35194e+00  6.99400e-01
2.435e-01  1.34965e+00  6.99511e-01
2.440e-01  1.34735e+00  6.99620e-01
2.445e-01  1.34505e+00  6.99728e-01
2.450e-01  1.34276e+00  6.99835e-01
2.455e-01  1.34046e+00  6.99941e-01
2.460e-01  1.33815e+00  7.00046e-01
2.465e-01  1.33585e+00  7.00150e-01
2.470e-01  1.33355e+00  7.00252e-01
2.475e-01  1.33124e+00  7.00354e-01
2.480e-01  1.32894e+00  7.00453e-01
2.485e-01  1.32663e+00  7.00551e-01
2.490e-01  1.32432e+00  7.00648e-01
2.495e-01  1.32201e+00  7.00744e-01
2.500e-01  1.31970e+00  7.00839e-01
2.505e-01  1.31738e+00  7.00932e-01
2.510e-01  1.31506e+00  7.01025e-01
2.515e-01  1.31275e+00  7.01117e-01
2.520e-01  1.31043e+00  7.01207e-01
2.525e-01  1.30810e+00  7.01297e-01
2.530e-01  1.30578e+00  7.01386e-01
2.535e-01  1.30345e+00  7.01474e-01
2.540e-01  1.30113e+00  7.01561e-01
2.545e-01  1.29880e+00  7.01646e-01
2.550e-01  1.29648e+00  7.01731e-01
2.555e-01  1.29415e+00  7.01815e-01
2.560e-01  1.29182e+00  7.01898e-01
2.565e-01  1.28949e+00  7.01980e-01
2.570e-01  1.28715e+00  7.02060e-01
2.575e-01  1.28482e+00  7.02140e-01
2.580e-01  1.28248e+00  7.02219e-01
2.585e-01  1.28014e+00  7.02296e-01
2.590e-01  1.27780e+00  7.02373e-01
2.595e-01  1.27546e+00  7.02448e-01
2.600e-01  1.27312e+00  7.02522e-01
2.605e-01  1.27078e+00  7.02596e-01
2.610e-01  1.26843e+00  7.02668e-01
2.615e-01  1.26608e+00  7.02741e-01
2.620e-01  1.26374e+00  7.02813e-01
2.625e-01  1.26139e+00  7.02884e-01
2.630e-01  1.25904e+00  7.02955e-01
2.635e-01  1.25668e+00  7.03025e-01
2.640e-01  1.25433e+00  7.03094e-01
2.645e-01  1.25197e+00  7.03163e-01
2.650e-01  1.24962e+00  7.03231e-01
2.655e-01  1.24726e+00  7.03298e-01
2.660e-01  1.24490e+00  7.03365e-01
2.665e-01  1.24254e+00  7.03431e-01
2.670e-01  1.24018e+00  7.03496e-01
2.675e-01  1.23782e+00  7.03560e-01
2.680e-01  1.23546e+00  7.03624e-01
2.685e-01  1.23310e+00  7.03687e-01
2.690e-01  1.23073e+00  7.03750e-01
2.695e-01  1.22836e+00  7.03813e-01
2.700e-01  1.22599e+00  7.03876e-01
2.705e-01  1.22362e+00  7.03938e-01
2.710e-01  1.22125e+00  7.03999e-01
2.715e-01  1.21887e+00  7.04060e-01
2.720e-01  1.21650e+00  7.04121e-01
2.725e-01  1.21412e+00  7.04182e-01
2.730e-01  1.21175e+00  7.04241e-01
2.735e-01  1.20937e+00  7.04301e-01
2.740e-01  1.20699e+00  7.04360e-01
2.745e-01  1.20461e+00  7.04418e-01
2.750e-01  1.20223e+00  7.04476e-01
2.755e-01  1.19985e+00  7.04534e-01
2.760e-01  1.19747e+00  7.04591e-01
2.765e-01  1.19509e+00  7.04648e-01
2.770e-01  1.19270e+00  7.04705e-01
2.775e-01  1.19031e+00  7.04761e-01
2.780e-01  1.18793e+00  7.04817e-01
2.785e-01  1.18554e+00  7.04874e-01
2.790e-01  1.18315e+00  7.04930e-01
2.795e-01  1.18075e+00  7.04987e-01
2.800e-01  1.17836e+00  7.05044e-01
2.805e-01  1.17597e+00  7.05101e-01
2.810e-01  1.17357e+00  7.05158e-01
2.815e-01  1.17118e+00  7.05215e-01
2.820e-01  1.16878e+00  7.05272e-01
2.825e-01  1.16638e+00  7.05329e-01
2.830e-01  1.16398e+00  7.05385e-01
2.835e-01  1.16158e+00  7.05442e-01
2.840e-01  1.15918e+00  7.05498e-01
2.845e-01  1.15678e+00  7.05554e-01
2.850e-01  1.15437e+00  7.05610e-01
2.855e-01  1.15197e+00  7.05666e-01
2.860e-01  1.14956e+00  7.05721e-01
2.865e-01  1.14716e+00  7.05776e-01
2.870e-01  1.14475e+00  7.05831e-01
2.875e-01  1.14234e+00  7.05885e-01
2.880e-01  1.13993e+00  7.05940e-01
2.885e-01  1.13752e+00  7.05994e-01
2.890e-01  1.13511e+00  7.06048e-01
2.895e-01  1.13270e+00  7.06102e-01
2.900e-01  1.13029e+00  7.06157e-01
2.905e-01  1.12787e+00  7.06211e-01
2.910e-01  1.12545e+00  7.06266e-01
2.915e-01  1.12304e+00  7.06320e-01
2.920e-01  1.12062e+00  7.06373e-01
2.925e-01  1.11820e+00  7.06426e-01
2.930e-01  1.11578e+00  7.06478e-01
2.935e-01  1.11336e+00  7.06530e-01
2.940e-01  1.11094e+00  7.06581e-01
2.945e-01  1.10852e+00  7.06632e-01
2.950e-01  1.10610e+00  7.06682e-01
2.955e-01  1.10368e+00  7.06733e-01
2.960e-01  1.10126e+00  7.06783e-01
2.965e-01  1.09884e+00  7.06833e-01
2.970e-01  1.09641e+00  7.06883e-01
2.975e-01  1.09399e+00  7.06934e-01
2.980e-01  1.09156e+00  7.06985e-01
2.985e-01  1.08914e+00  7.07036e-01
2.990e-01  1.08671e+00  7.07086e-01
2.995e-01  1.08429e+00  7.07137e-01
3.000e-01  1.08186e+00  7.07187e-01
3.005e-01  1.07943e+00  7.07236e-01
3.010e-01  1.07700e+00  7.07285e-01
3.015e-01  1.07457e+00  7.07333e-01
3.020e-01  1.07214e+00  7.07380e-01
3.025e-01  1.06971e+00  7.07427e-01
3.030e-01  1.06727e+00  7.07474e-01
3.035e-01  1.06484e+00  7.07519e-01
3.040e-01  1.06241e+00  7.07565e-01
3.045e-01  1.05998e+00  7.07610e-01
3.050e-01  1.05754e+00  7.07655e-01
3.055e-01  1.05511e+00  7.07699e-01
3.060e-01  1.05268e+00  7.07743e-01
3.065e-01  1.05024e+00  7.07787e-01
3.070e-01  1.04781e+00  7.07831e-01
3.075e-01  1.04538e+00  7.07874e-01
3.080e-01  1.04294e+00  7.07918e-01
3.085e-01  1.04050e+00  7.07961e-01
3.090e-01  1.03807e+00  7.08004e-01
3.095e-01  1.03563e+00  7.08047e-01
3.100e-01  1.03319e+00  7.08090e-01
3.105e-01  1.03075e+00  7.08133e-01
3.110e-01  1.02830e+00  7.08176e-01
3.115e-01  1.02586e+00  7.08219e-01
3.120e-01  1.02342e+00  7.08262e-01
3.125e-01  1.02098e+00  7.08304e-01
3.130e-01  1.01854e+00  7.08346e-01
3.135e-01  1.01609e+00  7.08388e-01
3.140e-01  1.01365e+00  7.08430e-01
3.145e-01  1.01121e+00  7.08470e-01
3.150e-01  1.00877e+00  7.08511e-01
3.155e-01  1.00633e+00  7.08550e-01
3.160e-01  1.00388e+00  7.08589e-01
3.165e-01  1.00144e+00  7.08627e-01
3.170e-01  9.98998e-01  7.08665e-01
3.175e-01  9.96555e-01  7.08702e-01
3.180e-01  9.94112e-01  7.08739e-01
3.185e-01  9.91669e-01  7.08776e-01
3.190e-01  9.89225e-01  7.08813e-01
3.195e-01  9.86780e-01  7.08849e-01
3.200e-01  9.84336e-01  7.08886e-01
3.205e-01  9.81890e-01  7.08923e-01
3.210e-01  9.79445e-01  7.08960e-01
3.215e-01  9.76999e-01  7.08996e-01
3.220e-01  9.74552e-01  7.09033e-01
3.225e-01  9.72106e-01  7.09069e-01
3.230e-01  9.69659e-01  7.09105e-01
3.235e-01  9.67213e-01  7.09140e-01
3.240e-01  9.64766e-01  7.09175e-01
3.245e-01  9.62320e-01  7.09209e-01
3.250e-01  9.59873e-01  7.09243e-01
3.255e-01  9.57427e-01  7.09276e-01
3.260e-01  9.54980e-01  7.09309e-01
3.265e-01  9.52533e-01  7.09342e-01
3.270e-01  9.50086e-01  7.09374e-01
3.275e-01  9.47639e-01  7.09407e-01
3.280e-01  9.45192e-01  7.09439e-01
3.285e-01  9.42745e-01  7.09471e-01
3.290e-01  9.40297e-01  7.09503e-01
3.295e-01  9.37849e-01  7.09535e-01
3.300e-01  9.35401e-01  7.09567e-01
3.305e-01  9.32953e-01  7.09598e-01
3.310e-01  9.30505e-01  7.09630e-01
3.315e-01  9.28057e-01  7.09661e-01
3.320e-01  9.25608e-01  7.09693e-01
3.325e-01  9.23160e-01  7.09724e-01
3.330e-01  9.20711e-01  7.09755e-01
3.335e-01  9.18263e-01  7.09786e-01
3.340e-01  9.15814e-01  7.09816e-01
3.345e-01  9.13365e-01  7.09847e-01
3.350e-01  9.10917e-01  7.09877e-01
3.355e-01  9.08468e-01  7.09907e-01
3.360e-01  9.06020e-01  7.09937e-01
3.365e-01  9.03571e-01  7.09967e-01
3.370e-01  9.01123e-01  7.09996e-01
3.375e-01  8.98675e-01  7.10025e-01
3.380e-01  8.96227e-01  7.10053e-01
3.385e-01  8.93779e-01  7.10081e-01
3.390e-01  8.91332e-01  7.10109e-01
3.395e-01  8.88885e-01  7.10135e-01
3.400e-01  8.86438e-01  7.10162e-01
3.405e-01  8.83992e-01  7.10188e-01
3.410e-01  8.81545e-01  7.10214e-01
3.415e-01  8.79099e-01  7.10240e-01
3.420e-01  8.76653e-01  7.10266e-01
3.425e-01  8.74207e-01  7.10291e-01
3.430e-01  8.71761e-01  7.10317e-01
3.435e-01  8.69315e-01  7.10343e-01
3.440e-01  8.66868e-01  7.10369e-01
3.445e-01  8.64422e-01  7.10395e-01
3.450e-01  8.61976e-01  7.10421e-01
3.455e-01  8.59530e-01  7.10448e-01
3.460e-01  8.57083e-01  7.10474e-01
3.465e-01  8.54637e-01  7.10501e-01
3.470e-01  8.52192e-01  7.10527e-01
3.475e-01  8.49746e-01  7.10553e-01
3.480e-01  8.47301e-01  7.10579e-01
3.485e-01  8.44856e-01  7.10605e-01
3.490e-01  8.42411e-01  7.10631e-01
3.495e-01  8.39967e-01  7.10656e-01
3.500e-01  8.37523e-01  7.10680e-01
3.505e-01  8.35079e-01  7.10705e-01
3.510e-01  8.32635e-01  7.10728e-01
3.515e-01  8.30192e-01  7.10752e-01
3.520e-01  8.27749e-01  7.10775e-01
3.525e-01  8.25306e-01  7.10798e-01
3.530e-01  8.22864e-01  7.10820e-01
3.535e-01  8.20422e-01  7.10843e-01
3.540e-01  8.17980e-01  7.10865e-01
3.545e-01  8.15538e-01  7.10888e-01
3.550e-01  8.13097e-01  7.10910e-01
3.555e-01  8.10656e-01  7.10933e-01
3.560e-01  8.08215e-01  7.10956e-01
3.565e-01  8.05774e-01  7.10979e-01
3.570e-01  8.03334e-01  7.11003e-01
3.575e-01  8.00893e-01  7.11026e-01
3.580e-01  7.98453e-01  7.11049e-01
3.585e-01  7.96013e-01  7.11073e-01
3.590e-01  7.93573e-01  7.11096e-01
3.595e-01  7.91133e-01  7.11119e-01
3.600e-01  7.88693e-01  7.11142e-01
3.605e-01  7.86253e-01  7.11165e-01
3.610e-01  7.83814e-01  7.11187e-01
3.615e-01  7.81376e-01  7.11209e-01
3.620e-01  7.78938e-01  7.11231e-01
3.625e-01  7.76502e-01  7.11253e-01
3.630e-01  7.74065e-01  7.11274e-01
3.635e-01  7.71630e-01  7.11295e-01
3.640e-01  7.69194e-01  7.11316e-01
3.645e-01  7.66760e-01  7.11337e-01
3.650e-01  7.64325e-01  7.11358e-01
3.655e-01  7.61891e-01  7.11379e-01
3.660e-01  7.59458e-01  7.11399e-01
3.665e-01  7.57024e-01  7.11420e-01
3.670e-01  7.54591e-01  7.11440e-01
3.675e-01  7.52159e-01  7.11460e-01
3.680e-01  7.49726e-01  7.11481e-01
3.685e-01  7.47295e-01  7.11501e-01
3.690e-01  7.44863e-01  7.11522e-01
3.695e-01  7.42432e-01  7.11542e-01
3.700e-01  7.40001e-01  7.11563e-01
3.705e-01  7.37570e-01  7.11583e-01
3.710e-01  7.35140e-01  7.11603e-01
3.715e-01  7.32711e-01  7.11624e-01
3.720e-01  7.30282e-01  7.11644e-01
3.725e-01  7.27854e-01  7.11664e-01
3.730e-01  7.25426e-01  7.11684e-01
3.735e-01  7.22998e-01  7.11703e-01
3.740e-01  7.20572e-01  7.11723e-01
3.745e-01  7.18145e-01  7.11742e-01
3.750e-01  7.15720e-01  7.11762e-01
3.755e-01  7.13295e-01  7.11781e-01
3.760e-01  7.10870e-01  7.11800e-01
3.765e-01  7.08446e-01  7.11819e-01
3.770e-01  7.06022e-01  7.11838e-01
3.775e-01  7.03599e-01  7.11857e-01
3.780e-01  7.01176e-01  7.11876e-01
3.785e-01  6.98754e-01  7.11894e-01
3.790e-01  6.96332e-01  7.11913e-01
3.795e-01  6.93911e-01  7.11931e-01
3.800e-01  6.91490e-01  7.11949e-01
3.805e-01  6.89070e-01  7.11966e-01
3.810e-01  6.86650e-01  7.11984e-01
3.815e-01  6.84231e-01  7.12002e-01
3.820e-01  6.81813e-01  7.12020e-01
3.825e-01  6.79395e-01  7.12037e-01
3.830e-01  6.76978e-01  7.12055e-01
3.835e-01  6.74562e-01  7.12073e-01
3.840e-01  6.72146e-01  7.12091e-01
3.845e-01  6.69730e-01  7.12109e-01
3.850e-01  6.67316e-01  7.12127e-01
3.855e-01  6.64902e-01  7.12145e-01
3.860e-01  6.62488e-01  7.12163e-01
3.865e-01  6.60076e-01  7.12181e-01
3.870e-01  6.57664e-01  7.12198e-01
3.875e-01  6.55252e-01  7.12215e-01
3.880e-01  6.52841e-01  7.12232e-01
3.885e-01  6.50431e-01  7.12250e-01
3.890e-01  6.48021e-01  7.12267e-01
3.895e-01  6.45612e-01  7.12284e-01
3.900e-01  6.43203e-01  7.12301e-01
3.905e-01  6.40795e-01  7.12318e-01
3.910e-01  6.38387e-01  7.12335e-01
3.915e-01  6.35979e-01  7.12352e-01
3.920e-01  6.33572e-01  7.12370e-01
3.925e-01  6.31165e-01  7.12388e-01
3.930e-01  6.28759e-01  7.12405e-01
3.935e-01  6.26354e-01  7.12423e-01
3.940e-01  6.23950e-01  7.12440e-01
3.945e-01  6.21546e-01  7.12457e-01
3.950e-01  6.19143e-01  7.12474e-01
3.955e-01  6.16741e-01  7.12491e-01
3.960e-01  6.14340e-01  7.12508e-01
3.965e-01  6.11940e-01  7.12524e-01
3.970e-01  6.09540e-01  7.12541e-01
3.975e-01  6.07141e-01  7.12557e-01
3.980e-01  6.04743e-01  7.12573e-01
3.985e-01  6.02346e-01  7.12589e-01
3.990e-01  5.99949e-01  7.12605e-01
3.995e-01  5.97553e-01  7.12621e-01
4.000e-01  5.95158e-01  7.12636e-01
4.005e-01  5.92764e-01  7.12652e-01
4.010e-01  5.90370e-01  7.12668e-01
4.015e-01  5.87977e-01  7.12683e-01
4.020e-01  5.85585e-01  7.12699e-01
4.025e-01  5.83194e-01  7.12715e-01
4.030e-01  5.80803e-01  7.12730e-01
4.035e-01  5.78413e-01  7.12746e-01
4.040e-01  5.76024e-01  7.12762e-01
4.045e-01  5.73636e-01  7.12777e-01
4.050e-01  5.71248e-01  7.12793e-01
4.055e-01  5.68860e-01  7.12808e-01
4.060e-01  5.66473e-01  7.12824e-01
4.065e-01  5.64087e-01  7.12839e-01
4.070e-01  5.61701e-01  7.12854e-01
4.075e-01  5.59317e-01  7.12870e-01
4.080e-01  5.56932e-01  7.12885e-01
4.085e-01  5.54549e-01  7.12900e-01
4.090e-01  5.52166e-01  7.12916e-01
4.095e-01  5.49784e-01  7.12931e-01
4.100e-01  5.47403e-01  7.12946e-01
4.105e-01  5.45023e-01  7.12962e-01
4.110e-01  5.42644e-01  7.12977e-01
4.115e-01  5.40265e-01  7.12993e-01
4.120e-01  5.37888e-01  7.13008e-01
4.125e-01  5.35511e-01  7.13024e-01
4.130e-01  5.33134e-01  7.13039e-01
4.135e-01  5.30759e-01  7.13054e-01
4.140e-01  5.28384e-01  7.13070e-01
4.145e-01  5.26010e-01  7.13085e-01
4.150e-01  5.23636e-01  7.13101e-01
4.155e-01  5.21263e-01  7.13116e-01
4.160e-01  5.18891e-01  7.13131e-01
4.165e-01  5.16520e-01  7.13147e-01
4.170e-01  5.14149e-01  7.13162e-01
4.175e-01  5.11780e-01  7.13178e-01
4.180e-01  5.09411e-01  7.13194e-01
4.185e-01  5.07043e-01  7.13209e-01
4.190e-01  5.04676e-01  7.13224e-01
4.195e-01  5.02310e-01  7.13240e-01
4.200e-01  4.99945e-01  7.13255e-01
4.205e-01  4.97580e-01  7.13270e-01
4.210e-01  4.95217e-01  7.13284e-01
4.215e-01  4.92854e-01  7.13299e-01
4.220e-01  4.90492e-01  7.13313e-01
4.225e-01  4.88131e-01  7.13328e-01
4.230e-01  4.85771e-01  7.13342e-01
4.235e-01  4.83412e-01  7.13357e-01
4.240e-01  4.81054e-01  7.13371e-01
4.245e-01  4.78696e-01  7.13385e-01
4.250e-01  4.76340e-01  7.13399e-01
4.255e-01  4.73985e-01  7.13414e-01
4.260e-01  4.71630e-01  7.13428e-01
4.265e-01  4.69276e-01  7.13442e-01
4.270e-01  4.66923e-01  7.13456e-01
4.275e-01  4.64571e-01  7.13470e-01
4.280e-01  4.62220e-01  7.13484e-01
4.285e-01  4.59869e-01  7.13498e-01
4.290e-01  4.57520e-01  7.13512e-01
4.295e-01  4.55171e-01  7.13525e-01
4.300e-01  4.52823e-01  7.13539e-01
4.305e-01  4.50476e-01  7.13552e-01
4.310e-01  4.48130e-01  7.13566e-01
4.315e-01  4.45784e-01  7.13579e-01
4.320e-01  4.43439e-01  7.13593e-01
4.325e-01  4.41096e-01  7.13607e-01
4.330e-01  4.38753e-01  7.13620e-01
4.335e-01  4.36411e-01  7.13634e-01
4.340e-01  4.34070e-01  7.13648e-01
4.345e-01  4.31729e-01  7.13662e-01
4.350e-01  4.29389e-01  7.13676e-01
4.355e-01  4.27051e-01  7.13690e-01
4.360e-01  4.24712e-01  7.13704e-01
4.365e-01  4.22375e-01  7.13718e-01
4.370e-01  4.20038e-01  7.13733e-01
4.375e-01  4.17702e-01  7.13747e-01
4.380e-01  4.15366e-01  7.13761e-01
4.385e-01  4.13032e-01  7.13776e-01
4.390e-01  4.10698e-01  7.13790e-01
4.395e-01  4.08365e-01  7.13805e-01
4.400e-01  4.06033e-01  7.13819e-01
4.405e-01  4.03702e-01  7.13834e-01
4.410e-01  4.01373e-01  7.13848e-01
4.415e-01  3.99045e-01  7.13862e-01
4.420e-01  3.96718e-01  7.13876e-01
4.425e-01  3.94392e-01  7.13890e-01
4.430e-01  3.92067e-01  7.13904e-01
4.435e-01  3.89743e-01  7.13918e-01
4.440e-01  3.87419e-01  7.13932e-01
4.445e-01  3.85097e-01  7.13945e-01
4.450e-01  3.82775e-01  7.13959e-01
4.455e-01  3.80454e-01  7.13972e-01
4.460e-01  3.78133e-01  7.13986e-01
4.465e-01  3.75814e-01  7.13999e-01
4.470e-01  3.73495e-01  7.14013e-01
4.475e-01  3.71177e-01  7.14027e-01
4.480e-01  3.68860e-01  7.14040e-01
4.485e-01  3.66544e-01  7.14054e-01
4.490e-01  3.64229e-01  7.14068e-01
4.495e-01  3.61915e-01  7.14082e-01
4.500e-01  3.59602e-01  7.14096e-01
4.505e-01  3.57290e-01  7.14110e-01
4.510e-01  3.54979e-01  7.14124e-01
4.515e-01  3.52669e-01  7.14138e-01
4.520e-01  3.50360e-01  7.14151e-01
4.525e-01  3.48052e-01  7.14165e-01
4.530e-01  3.45745e-01  7.14178e-01
4.535e-01  3.43438e-01  7.14191e-01
4.540e-01  3.41133e-01  7.14204e-01
4.545e-01  3.38828e-01  7.14217e-01
4.550e-01  3.36524e-01  7.14230e-01
4.555e-01  3.34222e-01  7.14242e-01
4.560e-01  3.31920e-01  7.14255e-01
4.565e-01  3.29619e-01  7.14267e-01
4.570e-01  3.27319e-01  7.14280e-01
4.575e-01  3.25020e-01  7.14292e-01
4.580e-01  3.22722e-01  7.14305e-01
4.585e-01  3.20426e-01  7.14318e-01
4.590e-01  3.18130e-01  7.14331e-01
4.595e-01  3.15835e-01  7.14344e-01
4.600e-01  3.13542e-01  7.14357e-01
4.605e-01  3.11249e-01  7.14371e-01
4.610e-01  3.08957e-01  7.14384e-01
4.615e-01  3.06666e-01  7.14398e-01
4.620e-01  3.04376e-01  7.14411e-01
4.625e-01  3.02086e-01  7.14424e-01
4.630e-01  2.99797e-01  7.14437e-01
4.635e-01  2.97509e-01  7.14450e-01
4.640e-01  2.95222e-01  7.14464e-01
4.645e-01  2.92935e-01  7.14476e-01
4.650e-01  2.90650e-01  7.14489e-01
4.655e-01  2.88365e-01  7.14502e-01
4.660e-01  2.86082e-01  7.14515e-01
4.665e-01  2.83800e-01  7.14527e-01
4.670e-01  2.81520e-01  7.14540e-01
4.675e-01  2.79240e-01  7.14552e-01
4.680e-01  2.76962e-01  7.14565e-01
4.685e-01  2.74685e-01  7.14577e-01
4.690e-01  2.72408e-01  7.14590e-01
4.695e-01  2.70133e-01  7.14602e-01
4.700e-01  2.67859e-01  7.14614e-01
4.705e-01  2.65586e-01  7.14627e-01
4.710e-01  2.63313e-01  7.14639e-01
4.715e-01  2.61042e-01  7.14651e-01
4.720e-01  2.58771e-01  7.14663e-01
4.725e-01  2.56501e-01  7.14676e-01
4.730e-01  2.54232e-01  7.14688e-01
4.735e-01  2.51963e-01  7.14701e-01
4.740e-01  2.49696e-01  7.14713e-01
4.745e-01  2.47429e-01  7.14726e-01
4.750e-01  2.45164e-01  7.14738e-01
4.755e-01  2.42899e-01  7.14751e-01
4.760e-01  2.40635e-01  7.14763e-01
4.765e-01  2.38372e-01  7.14776e-01
4.770e-01  2.36110e-01  7.14789e-01
4.775e-01  2.33849e-01  7.14802e-01
4.780e-01  2.31589e-01  7.14815e-01
4.785e-01  2.29331e-01  7.14828e-01
4.790e-01  2.27073e-01  7.14841e-01
4.795e-01  2.24816e-01  7.14854e-01
4.800e-01  2.22560e-01  7.14867e-01
4.805e-01  2.20305e-01  7.14880e-01
4.810e-01  2.18051e-01  7.14893e-01
4.815e-01  2.15798e-01  7.14906e-01
4.820e-01  2.13547e-01  7.14918e-01
4.825e-01  2.11296e-01  7.14930e-01
4.830e-01  2.09046e-01  7.14943e-01
4.835e-01  2.06797e-01  7.14955e-01
4.840e-01  2.04549e-01  7.14967e-01
4.845e-01  2.02302e-01  7.14979e-01
4.850e-01  2.00056e-01  7.14991e-01
4.855e-01  1.97811e-01  7.15003e-01
4.860e-01  1.95567e-01  7.15015e-01
4.865e-01  1.93323e-01  7.15027e-01
4.870e-01  1.91081e-01  7.15040e-01
4.875e-01  1.88839e-01  7.15052e-01
4.880e-01  1.86598e-01  7.15065e-01
4.885e-01  1.84359e-01  7.15078e-01
4.890e-01  1.82120e-01  7.15090e-01
4.895e-01  1.79883e-01  7.15103e-01
4.900e-01  1.77647e-01  7.15115e-01
4.905e-01  1.75412e-01  7.15127e-01
4.910e-01  1.73178e-01  7.15139e-01
4.915e-01  1.70945e-01  7.15151e-01
4.920e-01  1.68714e-01  7.15163e-01
4.925e-01  1.66483e-01  7.15175e-01
4.930e-01  1.64254e-01  7.15187e-01
4.935e-01  1.62025e-01  7.15199e-01
4.940e-01  1.59797e-01  7.15211e-01
4.945e-01  1.57569e-01  7.15224e-01
4.950e-01  1.55343e-01  7.15236e-01
4.955e-01  1.53117e-01  7.15248e-01
4.960e-01  1.50892e-01  7.15261e-01
4.965e-01  1.48669e-01  7.15273e-01
4.970e-01  1.46446e-01  7.15286e-01
4.975e-01  1.44224e-01  7.15298e-01
4.980e-01  1.42003e-01  7.15310e-01
4.985e-01  1.39783e-01  7.15322e-01
4.990e-01  1.37564e-01  7.15334e-01
4.995e-01  1.35347e-01  7.15346e-01
5.000e-01  1.33130e-01  7.15357e-01
5.005e-01  1.30915e-01  7.15369e-01
5.010e-01  1.28701e-01  7.15380e-01
5.015e-01  1.26488e-01  7.15391e-01
5.020e-01  1.24277e-01  7.15402e-01
5.025e-01  1.22066e-01  7.15413e-01
5.030e-01  1.19857e-01  7.15425e-01
5.035e-01  1.17648e-01  7.15436e-01
5.040e-01  1.15440e-01  7.15447e-01
5.045e-01  1.13234e-01  7.15459e-01
5.050e-01  1.11028e-01  7.15471e-01
5.055e-01  1.08823e-01  7.15483e-01
5.060e-01  1.06618e-01  7.15495e-01
5.065e-01  1.04415e-01  7.15507e-01
5.070e-01  1.02212e-01  7.15520e-01
5.075e-01  1.00011e-01  7.15533e-01
5.080e-01  9.78101e-02  7.15545e-01
5.085e-01  9.56105e-02  7.15558e-01
5.090e-01  9.34118e-02  7.15570e-01
5.095e-01  9.12142e-02  7.15582e-01
5.100e-01  8.90177e-02  7.15594e-01
5.105e-01  8.68221e-02  7.15605e-01
5.110e-01  8.46277e-02  7.15617e-01
5.115e-01  8.24343e-02  7.15629e-01
5.120e-01  8.02419e-02  7.15640e-01
5.125e-01  7.80507e-02  7.15652e-01
5.130e-01  7.58605e-02  7.15663e-01
5.135e-01  7.36714e-02  7.15675e-01
5.140e-01  7.14833e-02  7.15686e-01
5.145e-01  6.92963e-02  7.15698e-01
5.150e-01  6.71103e-02  7.15710e-01
5.155e-01  6.49253e-02  7.15721e-01
5.160e-01  6.27414e-02  7.15733e-01
5.165e-01  6.05585e-02  7.15745e-01
5.170e-01  5.83766e-02  7.15757e-01
5.175e-01  5.61957e-02  7.15769e-01
5.180e-01  5.40157e-02  7.15781e-01
5.185e-01  5.18368e-02  7.15793e-01
5.190e-01  4.96588e-02  7.15805e-01
5.195e-01  4.74819e-02  7.15817e-01
5.200e-01  4.53059e-02  7.15829e-01
5.205e-01  4.31309e-02  7.15841e-01
5.210e-01  4.09570e-02  7.15853e-01
5.215e-01  3.87840e-02  7.15865e-01
5.220e-01  3.66121e-02  7.15877e-01
5.225e-01  3.44411e-02  7.15889e-01
5.230e-01  3.22711e-02  7.15900e-01
5.235e-01  3.01021e-02  7.15912e-01
5.240e-01  2.79341e-02  7.15923e-01
5.245e-01  2.57670e-02  7.15935e-01
5.250e-01  2.36009e-02  7.15947e-01
5.255e-01  2.14358e-02  7.15958e-01
5.260e-01  1.92716e-02  7.15970e-01
5.265e-01  1.71083e-02  7.15982e-01
5.270e-01  1.49460e-02  7.15994e-01
5.275e-01  1.27848e-02  7.16007e-01
5.280e-01  1.06246e-02  7.16019e-01
5.285e-01  8.46558e-03  7.16031e-01
5.290e-01  6.30767e-03  7.16043e-01
5.295e-01  4.15094e-03  7.16055e-01
5.300e-01  1.99544e-03  7.16067e-01
5.305e-01  -1.58894e-04  7.16078e-01
5.310e-01  -2.31210e-03  7.16090e-01
5.315e-01  -4.46422e-03  7.16101e-01
5.320e-01  -6.61532e-03  7.16113e-01
5.325e-01  -8.76545e-03  7.16124e-01
5.330e-01  -1.09147e-02  7.16135e-01
5.335e-01  -1.30630e-02  7.16147e-01
5.340e-01  -1.52105e-02  7.16158e-01
5.345e-01  -1.73572e-02  7.16170e-01
5.350e-01  -1.95033e-02  7.16182e-01
5.355e-01  -2.16486e-02  7.16194e-01
5.360e-01  -2.37930e-02  7.16206e-01
5.365e-01  -2.59366e-02  7.16218e-01
5.370e-01  -2.80791e-02  7.16230e-01
5.375e-01  -3.02205e-02  7.16242e-01
5.380e-01  -3.23606e-02  7.16254e-01
5.385e-01  -3.44994e-02  7.16266e-01
5.390e-01  -3.66369e-02  7.16277e-01
5.395e-01  -3.87732e-02  7.16288e-01
5.400e-01  -4.09084e-02  7.16300e-01
5.405e-01  -4.30424e-02  7.16311e-01
5.410e-01  -4.51754e-02  7.16322e-01
5.415e-01  -4.73074e-02  7.16333e-01
5.420e-01  -4.94384e-02  7.16344e-01
5.425e-01  -5.15685e-02  7.16355e-01
5.430e-01  -5.36978e-02  7.16367e-01
5.435e-01  -5.58263e-02  7.16379e-01
5.440e-01  -5.79540e-02  7.16391e-01
5.445e-01  -6.00809e-02  7.16403e-01
5.450e-01  -6.22069e-02  7.16415e-01
5.455e-01  -6.43320e-02  7.16428e-01
5.460e-01  -6.64561e-02  7.16440e-01
5.465e-01  -6.85791e-02  7.16452e-01
5.470e-01  -7.07009e-02  7.16464e-01
5.475e-01  -7.28216e-02  7.16475e-01
5.480e-01  -7.49411e-02  7.16487e-01
5.485e-01  -7.70595e-02  7.16498e-01
5.490e-01  -7.91768e-02  7.16509e-01
5.495e-01  -8.12930e-02  7.16520e-01
5.500e-01  -8.34082e-02  7.16530e-01
5.505e-01  -8.55223e-02  7.16541e-01
5.510e-01  -8.76354e-02  7.16552e-01
5.515e-01  -8.97475e-02  7.16563e-01
5.520e-01  -9.18586e-02  7.16574e-01
5.525e-01  -9.39688e-02  7.16585e-01
5.530e-01  -9.60781e-02  7.16596e-01
5.535e-01  -9.81864e-02  7.16608e-01
5.540e-01  -1.00294e-01  7.16619e-01
5.545e-01  -1.02400e-01  7.16631e-01
5.550e-01  -1.04506e-01  7.16643e-01
5.555e-01  -1.06611e-01  7.16654e-01
5.560e-01  -1.08714e-01  7.16666e-01
5.565e-01  -1.10817e-01  7.16678e-01
5.570e-01  -1.12919e-01  7.16690e-01
5.575e-01  -1.15020e-01  7.16701e-01
5.580e-01  -1.17120e-01  7.16713e-01
5.585e-01  -1.19219e-01  7.16725e-01
5.590e-01  -1.21317e-01  7.16736e-01
5.595e-01  -1.23414e-01  7.16747e-01
5.600e-01  -1.25510e-01  7.16759e-01
5.605e-01  -1.27605e-01  7.16770e-01
5.610e-01  -1.29699e-01  7.16781e-01
5.615e-01  -1.31791e-01  7.16792e-01
5.620e-01  -1.33883e-01  7.16803e-01
5.625e-01  -1.35974e-01  7.16814e-01
5.630e-01  -1.38063e-01  7.16825e-01
5.635e-01  -1.40151e-01  7.16836e-01
5.640e-01  -1.42239e-01  7.16846e-01
5.645e-01  -1.44325e-01  7.16857e-01
5.650e-01  -1.46410e-01  7.16868e-01
5.655e-01  -1.48495e-01  7.16879e-01
5.660e-01  -1.50578e-01  7.16890e-01
5.665e-01  -1.52660e-01  7.16901e-01
5.670e-01  -1.54741e-01  7.16913e-01
5.675e-01  -1.56821e-01  7.16924e-01
5.680e-01  -1.58900e-01  7.16935e-01
5.685e-01  -1.60979e-01  7.16946e-01
5.690e-01  -1.63056e-01  7.16957e-01
5.695e-01  -1.65132e-01  7.16967e-01
5.700e-01  -1.67208e-01  7.16978e-01
5.705e-01  -1.69283e-01  7.16989e-01
5.710e-01  -1.71356e-01  7.16999e-01
5.715e-01  -1.73429e-01  7.17010e-01
5.720e-01  -1.75500e-01  7.17020e-01
5.725e-01  -1.77571e-01  7.17031e-01
5.730e-01  -1.79641e-01  7.17041e-01
5.735e-01  -1.81709e-01  7.17052e-01
5.740e-01  -1.83777e-01  7.17062e-01
5.745e-01  -1.85843e-01  7.17073e-01
5.750e-01  -1.87909e-01  7.17083e-01
5.755e-01  -1.89973e-01  7.17094e-01
5.760e-01  -1.92036e-01  7.17104e-01
5.765e-01  -1.94099e-01  7.17114e-01
5.770e-01  -1.96160e-01  7.17125e-01
5.775e-01  -1.98221e-01  7.17135e-01
5.780e-01  -2.00280e-01  7.17145e-01
5.785e-01  -2.02338e-01  7.17155e-01
5.790e-01  -2.04396e-01  7.17165e-01
5.795e-01  -2.06452e-01  7.17175e-01
5.800e-01  -2.08508e-01  7.17184e-01
5.805e-01  -2.10562e-01  7.17194e-01
5.810e-01  -2.12616e-01  7.17204e-01
5.815e-01  -2.14668e-01  7.17213e-01
5.820e-01  -2.16719e-01  7.17223e-01
5.825e-01  -2.18769e-01  7.17232e-01
5.830e-01  -2.20818e-01  7.17242e-01
5.835e-01  -2.22866e-01  7.17252e-01
5.840e-01  -2.24913e-01  7.17261e-01
5.845e-01  -2.26960e-01  7.17271e-01
5.850e-01  -2.29005e-01  7.17280e-01
5.855e-01  -2.31049e-01  7.17290e-01
5.860e-01  -2.33093e-01  7.17299e-01
5.865e-01  -2.35135e-01  7.17309e-01
5.870e-01  -2.37177e-01  7.17318e-01
5.875e-01  -2.39218e-01  7.17327e-01
5.880e-01  -2.41258e-01  7.17337e-01
5.885e-01  -2.43297e-01  7.17346e-01
5.890e-01  -2.45335e-01  7.17355e-01
5.895e-01  -2.47371e-01  7.17364e-01
5.900e-01  -2.49406e-01  7.17372e-01
5.905e-01  -2.51441e-01  7.17381e-01
5.910e-01  -2.53474e-01  7.17389e-01
5.915e-01  -2.55505e-01  7.17397e-01
5.920e-01  -2.57536e-01  7.17405e-01
5.925e-01  -2.59566e-01  7.17413e-01
5.930e-01  -2.61594e-01  7.17420e-01
5.935e-01  -2.63622e-01  7.17428e-01
5.940e-01  -2.65649e-01  7.17436e-01
5.945e-01  -2.67674e-01  7.17444e-01
5.950e-01  -2.69699e-01  7.17451e-01
5.955e-01  -2.71722e-01  7.17459e-01
5.960e-01  -2.73745e-01  7.17467e-01
5.965e-01  -2.75767e-01  7.17474e-01
5.970e-01  -2.77788e-01  7.17482e-01
5.975e-01  -2.79807e-01  7.17490e-01
5.980e-01  -2.81826e-01  7.17498e-01
5.985e-01  -2.83844e-01  7.17505e-01
5.990e-01  -2.85861e-01  7.17513e-01
5.995e-01  -2.87877e-01  7.17520e-01
6.000e-01  -2.89892e-01  7.17528e-01
6.005e-01  -2.91905e-01  7.17535e-01
6.010e-01  -2.93918e-01  7.17542e-01
6.015e-01  -2.95929e-01  7.17549e-01
6.020e-01  -2.97940e-01  7.17556e-01
6.025e-01  -2.99949e-01  7.17562e-01
6.030e-01  -3.01957e-01  7.17569e-01
6.035e-01  -3.03964e-01  7.17575e-01
6.040e-01  -3.05970e-01  7.17581e-01
6.045e-01  -3.07974e-01  7.17587e-01
6.050e-01  -3.09978e-01  7.17593e-01
6.055e-01  -3.11981e-01  7.17599e-01
6.060e-01  -3.13983e-01  7.17604e-01
6.065e-01  -3.15984e-01  7.17610e-01
6.070e-01  -3.17984e-01  7.17616e-01
6.075e-01  -3.19984e-01  7.17622e-01
6.080e-01  -3.21982e-01  7.17628e-01
6.085e-01  -3.23980e-01  7.17634e-01
6.090e-01  -3.25977e-01  7.17640e-01
6.095e-01  -3.27972e-01  7.17645e-01
6.100e-01  -3.29966e-01  7.17651e-01
6.105e-01  -3.31959e-01  7.17656e-01
6.110e-01  -3.33951e-01  7.17661e-01
6.115e-01  -3.35941e-01  7.17666e-01
6.120e-01  -3.37931e-01  7.17670e-01
6.125e-01  -3.39919e-01  7.17675e-01
6.130e-01  -3.41906e-01  7.17679e-01
6.135e-01  -3.43892e-01  7.17684e-01
6.140e-01  -3.45878e-01  7.17688e-01
6.145e-01  -3.47862e-01  7.17692e-01
6.150e-01  -3.49845e-01  7.17696e-01
6.155e-01  -3.51827e-01  7.17701e-01
6.160e-01  -3.53808e-01  7.17705e-01
6.165e-01  -3.55788e-01  7.17709e-01
6.170e-01  -3.57767e-01  7.17713e-01
6.175e-01  -3.59744e-01  7.17717e-01
6.180e-01  -3.61721e-01  7.17721e-01
6.185e-01  -3.63696e-01  7.17725e-01
6.190e-01  -3.65671e-01  7.17730e-01
6.195e-01  -3.67644e-01  7.17734e-01
6.200e-01  -3.69617e-01  7.17738e-01
6.205e-01  -3.71590e-01  7.17743e-01
6.210e-01  -3.73561e-01  7.17747e-01
6.215e-01  -3.75532e-01  7.17751e-01
6.220e-01  -3.77501e-01  7.17755e-01
6.225e-01  -3.79468e-01  7.17759e-01
6.230e-01  -3.81434e-01  7.17763e-01
6.235e-01  -3.83399e-01  7.17767e-01
6.240e-01  -3.85362e-01  7.17771e-01
6.245e-01  -3.87324e-01  7.17775e-01
6.250e-01  -3.89286e-01  7.17779e-01
6.255e-01  -3.91246e-01  7.17783e-01
6.260e-01  -3.93206e-01  7.17787e-01
6.265e-01  -3.95165e-01  7.17791e-01
6.270e-01  -3.97123e-01  7.17796e-01
6.275e-01  -3.99079e-01  7.17800e-01
6.280e-01  -4.01035e-01  7.17805e-01
6.285e-01  -4.02989e-01  7.17810e-01
6.290e-01  -4.04942e-01  7.17815e-01
6.295e-01  -4.06894e-01  7.17820e-01
6.300e-01  -4.08845e-01  7.17825e-01
6.305e-01  -4.10795e-01  7.17831e-01
6.310e-01  -4.12745e-01  7.17837e-01
6.315e-01  -4.14694e-01  7.17843e-01
6.320e-01  -4.16641e-01  7.17850e-01
6.325e-01  -4.18588e-01  7.17857e-01
6.330e-01  -4.20533e-01  7.17864e-01
6.335e-01  -4.22476e-01  7.17871e-01
6.340e-01  -4.24419e-01  7.17879e-01
6.345e-01  -4.26360e-01  7.17886e-01
6.350e-01  -4.28301e-01  7.17895e-01
6.355e-01  -4.30240e-01  7.17903e-01
6.360e-01  -4.32179e-01  7.17912e-01
6.365e-01  -4.34117e-01  7.17922e-01
6.370e-01  -4.36053e-01  7.17932e-01
6.375e-01  -4.37989e-01  7.17942e-01
6.380e-01  -4.39924e-01  7.17953e-01
6.385e-01  -4.41857e-01  7.17965e-01
6.390e-01  -4.43790e-01  7.17977e-01
6.395e-01  -4.45722e-01  7.17990e-01
6.400e-01  -4.47653e-01  7.18003e-01
6.405e-01  -4.49584e-01  7.18017e-01
6.410e-01  -4.51513e-01  7.18031e-01
6.415e-01  -4.53441e-01  7.18047e-01
6.420e-01  -4.55367e-01  7.18063e-01
6.425e-01  -4.57292e-01  7.18080e-01
6.430e-01  -4.59216e-01  7.18098e-01
6.435e-01  -4.61139e-01  7.18117e-01
6.440e-01  -4.63062e-01  7.18137e-01
6.445e-01  -4.64983e-01  7.18157e-01
6.450e-01  -4.66904e-01  7.18178e-01
6.455e-01  -4.68823e-01  7.18200e-01
6.460e-01  -4.70741e-01  7.18223e-01
6.465e-01  -4.72658e-01  7.18247e-01
6.470e-01  -4.74575e-01  7.18272e-01
6.475e-01  -4.76491e-01  7.18298e-01
6.480e-01  -4.78405e-01  7.18325e-01
6.485e-01  -4.80319e-01  7.18354e-01
6.490e-01  -4.82231e-01  7.18384e-01
6.495e-01  -4.84143e-01  7.18415e-01
6.500e-01  -4.86053e-01  7.18447e-01
6.505e-01  -4.87963e-01  7.18480e-01
6.510e-01  -4.89872e-01  7.18515e-01
6.515e-01  -4.91781e-01  7.18551e-01
6.520e-01  -4.93688e-01  7.18589e-01
6.525e-01  -4.95594e-01  7.18628e-01
6.530e-01  -4.97499e-01  7.18669e-01
6.535e-01  -4.99403e-01  7.18711e-01
6.540e-01  -5.01306e-01  7.18755e-01
6.545e-01  -5.03209e-01  7.18801e-01
6.550e-01  -5.05110e-01  7.18848e-01
6.555e-01  -5.07010e-01  7.18897e-01
6.560e-01  -5.08909e-01  7.18948e-01
6.565e-01  -5.10807e-01  7.19000e-01
6.570e-01  -5.12704e-01  7.19055e-01
6.575e-01  -5.14601e-01  7.19112e-01
6.580e-01  -5.16496e-01  7.19170e-01
6.585e-01  -5.18390e-01  7.19230e-01
6.590e-01  -5.20284e-01  7.19292e-01
6.595e-01  -5.22177e-01  7.19357e-01
6.600e-01  -5.24068e-01  7.19424e-01
6.605e-01  -5.25959e-01  7.19493e-01
6.610e-01  -5.27849e-01  7.19564e-01
6.615e-01  -5.29740e-01  7.19638e-01
6.620e-01  -5.31629e-01  7.19713e-01
6.625e-01  -5.33517e-01  7.19792e-01
6.630e-01  -5.35403e-01  7.19872e-01
6.635e-01  -5.37287e-01  7.19955e-01
6.640e-01  -5.39171e-01  7.20041e-01
6.645e-01  -5.41054e-01  7.20129e-01
6.650e-01  -5.42938e-01  7.20220e-01
6.655e-01  -5.44821e-01  7.20313e-01
6.660e-01  -5.46702e-01  7.20409e-01
6.665e-01  -5.48581e-01  7.20507e-01
6.670e-01  -5.50459e-01  7.20608e-01
6.675e-01  -5.52338e-01  7.20711e-01
6.680e-01  -5.54217e-01  7.20818e-01
6.685e-01  -5.56095e-01  7.20927e-01
6.690e-01  -5.57970e-01  7.21039e-01
6.695e-01  -5.59843e-01  7.21154e-01
6.700e-01  -5.61719e-01  7.21271e-01
6.705e-01  -5.63591e-01  7.21391e-01
6.710e-01  -5.65463e-01  7.21515e-01
6.715e-01  -5.67336e-01  7.21640e-01
6.720e-01  -5.69206e-01  7.21768e-01
6.725e-01  -5.71075e-01  7.21899e-01
6.730e-01  -5.72945e-01  7.22034e-01
6.735e-01  -5.74812e-01  7.22169e-01
6.740e-01  -5.76681e-01  7.22309e-01
6.745e-01  -5.78548e-01  7.22451e-01
6.750e-01  -5.80412e-01  7.22595e-01
6.755e-01  -5.82276e-01  7.22742e-01
6.760e-01  -5.84139e-01  7.22891e-01
6.765e-01  -5.86000e-01  7.23043e-01
6.770e-01  -5.87862e-01  7.23197e-01
6.775e-01  -5.89724e-01  7.23354e-01
6.780e-01  -5.91582e-01  7.23512e-01
6.785e-01  -5.93435e-01  7.23674e-01
6.790e-01  -5.95294e-01  7.23837e-01
6.795e-01  -5.97152e-01  7.24003e-01
6.800e-01  -5.99004e-01  7.24171e-01
6.805e-01  -6.00856e-01  7.24340e-01
6.810e-01  -6.02709e-01  7.24512e-01
6.815e-01  -6.04559e-01  7.24687e-01
6.820e-01  -6.06409e-01  7.24864e-01
6.825e-01  -6.08257e-01  7.25042e-01
6.830e-01  -6.10103e-01  7.25222e-01
6.835e-01  -6.11946e-01  7.25405e-01
6.840e-01  -6.13790e-01  7.25590e-01
6.845e-01  -6.15633e-01  7.25776e-01
6.850e-01  -6.17474e-01  7.25965e-01
6.855e-01  -6.19313e-01  7.26156e-01
6.860e-01  -6.21150e-01  7.26348e-01
6.865e-01  -6.22985e-01  7.26543e-01
6.870e-01  -6.24818e-01  7.26739e-01
6.875e-01  -6.26652e-01  7.26938e-01
6.880e-01  -6.28482e-01  7.27138e-01
6.885e-01  -6.30311e-01  7.27341e-01
6.890e-01  -6.32136e-01  7.27545e-01
6.895e-01  -6.33965e-01  7.27752e-01
6.900e-01  -6.35786e-01  7.27960e-01
6.905e-01  -6.37606e-01  7.28169e-01
6.910e-01  -6.39427e-01  7.28382e-01
6.915e-01  -6.41245e-01  7.28597e-01
6.920e-01  -6.43059e-01  7.28812e-01
6.925e-01  -6.44874e-01  7.29031e-01
6.930e-01  -6.46685e-01  7.29251e-01
6.935e-01  -6.48493e-01  7.29472e-01
6.940e-01  -6.50299e-01  7.29696e-01
6.945e-01  -6.52103e-01  7.29922e-01
6.950e-01  -6.53909e-01  7.30150e-01
6.955e-01  -6.55706e-01  7.30379e-01
6.960e-01  -6.57503e-01  7.30611e-01
6.965e-01  -6.59299e-01  7.30845e-01
6.970e-01  -6.61092e-01  7.31080e-01
6.975e-01  -6.62880e-01  7.31318e-01
6.980e-01  -6.64665e-01  7.31556e-01
6.985e-01  -6.66453e-01  7.31799e-01
6.990e-01  -6.68233e-01  7.32042e-01
6.995e-01  -6.70012e-01  7.32287e-01
7.000e-01  -6.71789e-01  7.32535e-01
7.005e-01  -6.73560e-01  7.32785e-01
7.010e-01  -6.75332e-01  7.33037e-01
7.015e-01  -6.77097e-01  7.33291e-01
7.020e-01  -6.78860e-01  7.33547e-01
7.025e-01  -6.80620e-01  7.33806e-01
7.030e-01  -6.82380e-01  7.34067e-01
7.035e-01  -6.84131e-01  7.34330e-01
7.040e-01  -6.85882e-01  7.34595e-01
7.045e-01  -6.87631e-01  7.34864e-01
7.050e-01  -6.89371e-01  7.35134e-01
7.055e-01  -6.91114e-01  7.35408e-01
7.060e-01  -6.92849e-01  7.35682e-01
7.065e-01  -6.94581e-01  7.35960e-01
7.070e-01  -6.96309e-01  7.36238e-01
7.075e-01  -6.98032e-01  7.36519e-01
7.080e-01  -6.99749e-01  7.36799e-01
7.085e-01  -7.01462e-01  7.37082e-01
7.090e-01  -7.03171e-01  7.37367e-01
7.095e-01  -7.04877e-01  7.37653e-01
7.100e-01  -7.06576e-01  7.37943e-01
7.105e-01  -7.08272e-01  7.38238e-01
7.110e-01  -7.09965e-01  7.38538e-01
7.115e-01  -7.11665e-01  7.38880e-01
7.120e-01  -7.13294e-01  7.39017e-01
7.125e-01  -7.14867e-01  7.38974e-01
7.130e-01  -7.16460e-01  7.38981e-01
7.135e-01  -7.18050e-01  7.38983e-01
7.140e-01  -7.19642e-01  7.38981e-01
7.145e-01  -7.21237e-01  7.38982e-01
7.150e-01  -7.22832e-01  7.38982e-01
7.155e-01  -7.24428e-01  7.38982e-01
7.160e-01  -7.26028e-01  7.38982e-01
7.165e-01  -7.27631e-01  7.38982e-01
7.170e-01  -7.29233e-01  7.38982e-01
7.175e-01  -7.30839e-01  7.38982e-01
7.180e-01  -7.32446e-01  7.38982e-01
7.185e-01  -7.34054e-01  7.38982e-01
7.190e-01  -7.35665e-01  7.38982e-01
7.195e-01  -7.37277e-01  7.38982e-01
7.200e-01  -7.38892e-01  7.38982e-01
7.205e-01  -7.40510e-01  7.38982e-01
7.210e-01  -7.42129e-01  7.38982e-01
7.215e-01  -7.43750e-01  7.38982e-01
7.220e-01  -7.45372e-01  7.38982e-01
7.225e-01  -7.46996e-01  7.38982e-01
7.230e-01  -7.48621e-01  7.38982e-01
7.235e-01  -7.50248e-01  7.38982e-01
7.240e-01  -7.51879e-01  7.38982e-01
7.245e-01  -7.53512e-01  7.38982e-01
7.250e-01  -7.55146e-01  7.38982e-01
7.255e-01  -7.56782e-01  7.38982e-01
7.260e-01  -7.58418e-01  7.38982e-01
7.265e-01  -7.60058e-01  7.38982e-01
7.270e-01  -7.61700e-01  7.38982e-01
7.275e-01  -7.63344e-01  7.38982e-01
7.280e-01  -7.64991e-01  7.38982e-01
7.285e-01  -7.66638e-01  7.38982e-01
7.290e-01  -7.68289e-01  7.38982e-01
7.295e-01  -7.69941e-01  7.38982e-01
7.300e-01  -7.71596e-01  7.38982e-01
7.305e-01  -7.73253e-01  7.38982e-01
7.310e-01  -7.74913e-01  7.38982e-01
7.315e-01  -7.76574e-01  7.38982e-01
7.320e-01  -7.78237e-01  7.38982e-01
7.325e-01  -7.79902e-01  7.38982e-01
7.330e-01  -7.81569e-01  7.38982e-01
7.335e-01  -7.83238e-01  7.38982e-01
7.340e-01  -7.84910e-01  7.38982e-01
7.345e-01  -7.86584e-01  7.38982e-01
7.350e-01  -7.88259e-01  7.38982e-01
7.355e-01  -7.89937e-01  7.38982e-01
7.360e-01  -7.91618e-01  7.38982e-01
7.365e-01  -7.93301e-01  7.38982e-01
7.370e-01  -7.94985e-01  7.38982e-01
7.375e-01  -7.96671e-01  7.38982e-01
7.380e-01  -7.98359e-01  7.38982e-01
7.385e-01  -8.00050e-01  7.38982e-01
7.390e-01  -8.01743e-01  7.38982e-01
7.395e-01  -8.03440e-01  7.38982e-01
7.400e-01  -8.05138e-01  7.38982e-01
7.405e-01  -8.06837e-01  7.38982e-01
7.410e-01  -8.08539e-01  7.38982e-01
7.415e-01  -8.10244e-01  7.38982e-01
7.420e-01  -8.11953e-01  7.38982e-01
7.425e-01  -8.13662e-01  7.38982e-01
7.430e-01  -8.15373e-01  7.38982e-01
7.435e-01  -8.17087e-01  7.38982e-01
7.440e-01  -8.18803e-01  7.38982e-01
7.445e-01  -8.20523e-01  7.38982e-01
7.450e-01  -8.22246e-01  7.38982e-01
7.455e-01  -8.23970e-01  7.38982e-01
7.460e-01  -8.25696e-01  7.38982e-01
7.465e-01  -8.27423e-01  7.38982e-01
7.470e-01  -8.29152e-01  7.38982e-01
7.475e-01  -8.30886e-01  7.38982e-01
7.480e-01  -8.32623e-01  7.38982e-01
7.485e-01  -8.34362e-01  7.38982e-01
7.490e-01  -8.36103e-01  7.38982e-01
7.495e-01  -8.37845e-01  7.38982e-01
7.500e-01  -8.39590e-01  7.38982e-01
7.505e-01  -8.41337e-01  7.38982e-01
7.510e-01  -8.43086e-01  7.38982e-01
7.515e-01  -8.44839e-01  7.38982e-01
7.520e-01  -8.46595e-01  7.38982e-01
7.525e-01  -8.48355e-01  7.38982e-01
7.530e-01  -8.50117e-01  7.38982e-01
7.535e-01  -8.51880e-01  7.38982e-01
7.540e-01  -8.53645e-01  7.38982e-01
7.545e-01  -8.55411e-01  7.38982e-01
7.550e-01  -8.57182e-01  7.38982e-01
7.555e-01  -8.58956e-01  7.38982e-01
7.560e-01  -8.60733e-01  7.38982e-01
7.565e-01  -8.62513e-01  7.38982e-01
7.570e-01  -8.64295e-01  7.38982e-01
7.575e-01  -8.66079e-01  7.38982e-01
7.580e-01  -8.67864e-01  7.38982e-01
7.585e-01  -8.69652e-01  7.38982e-01
7.590e-01  -8.71443e-01  7.38982e-01
7.595e-01  -8.73238e-01  7.38982e-01
7.600e-01  -8.75037e-01  7.38982e-01
7.605e-01  -8.76838e-01  7.38982e-01
7.610e-01  -8.78642e-01  7.38982e-01
7.615e-01  -8.80448e-01  7.38982e-01
7.620e-01  -8.82257e-01  7.38982e-01
7.625e-01  -8.84068e-01  7.38982e-01
7.630e-01  -8.85881e-01  7.38982e-01
7.635e-01  -8.87698e-01  7.38982e-01
7.640e-01  -8.89518e-01  7.38982e-01
7.645e-01  -8.91341e-01  7.38982e-01
7.650e-01  -8.93167e-01  7.38982e-01
7.655e-01  -8.94995e-01  7.38982e-01
7.660e-01  -8.96827e-01  7.38982e-01
7.665e-01  -8.98661e-01  7.38982e-01
7.670e-01  -9.00497e-01  7.38982e-01
7.675e-01  -9.02337e-01  7.38982e-01
7.680e-01  -9.04179e-01  7.38982e-01
7.685e-01  -9.06025e-01  7.38982e-01
7.690e-01  -9.07873e-01  7.38982e-01
7.695e-01  -9.09725e-01  7.38982e-01
7.700e-01  -9.11579e-01  7.38982e-01
7.705e-01  -9.13436e-01  7.38982e-01
7.710e-01  -9.15297e-01  7.38982e-01
7.715e-01  -9.17161e-01  7.38982e-01
7.720e-01  -9.19029e-01  7.38982e-01
7.725e-01  -9.20900e-01  7.38982e-01
7.730e-01  -9.22773e-01  7.38982e-01
7.735e-01  -9.24650e-01  7.38982e-01
7.740e-01  -9.26528e-01  7.38982e-01
7.745e-01  -9.28410e-01  7.38982e-01
7.750e-01  -9.30294e-01  7.38982e-01
7.755e-01  -9.32182e-01  7.38982e-01
7.760e-01  -9.34074e-01  7.38982e-01
7.765e-01  -9.35969e-01  7.38982e-01
7.770e-01  -9.37868e-01  7.38982e-01
7.775e-01  -9.39769e-01  7.38982e-01
7.780e-01  -9.41674e-01  7.38982e-01
7.785e-01  -9.43581e-01  7.38982e-01
7.790e-01  -9.45492e-01  7.38982e-01
7.795e-01  -9.47405e-01  7.38982e-01
7.800e-01  -9.49322e-01  7.38982e-01
7.805e-01  -9.51242e-01  7.38982e-01
7.810e-01  -9.53166e-01  7.38982e-01
7.815e-01  -9.55094e-01  7.38982e-01
7.820e-01  -9.57025e-01  7.38982e-01
7.825e-01  -9.58960e-01  7.38982e-01
7.830e-01  -9.60898e-01  7.38982e-01
7.835e-01  -9.62839e-01  7.38982e-01
7.840e-01  -9.64783e-01  7.38982e-01
7.845e-01  -9.66731e-01  7.38982e-01
7.850e-01  -9.68682e-01  7.38982e-01
7.855e-01  -9.70636e-01  7.38982e-01
7.860e-01  -9.72594e-01  7.38982e-01
7.865e-01  -9.74556e-01  7.38982e-01
7.870e-01  -9.76522e-01  7.38982e-01
7.875e-01  -9.78491e-01  7.38982e-01
7.880e-01  -9.80464e-01  7.38982e-01
7.885e-01  -9.82441e-01  7.38982e-01
7.890e-01  -9.84421e-01  7.38982e-01
7.895e-01  -9.86405e-01  7.38982e-01
7.900e-01  -9.88392e-01  7.38982e-01
7.905e-01  -9.90383e-01  7.38982e-01
7.910e-01  -9.92377e-01  7.38982e-01
7.915e-01  -9.94374e-01  7.38982e-01
7.920e-01  -9.96375e-01  7.38982e-01
7.925e-01  -9.98379e-01  7.38982e-01
7.930e-01  -1.00039e+00  7.38982e-01
7.935e-01  -1.00240e+00  7.38982e-01
7.940e-01  -1.00442e+00  7.38982e-01
7.945e-01  -1.00644e+00  7.38982e-01
7.950e-01  -1.00847e+00  7.38982e-01
7.955e-01  -1.01049e+00  7.38982e-01
7.960e-01  -1.01253e+00  7.38982e-01
7.965e-01  -1.01456e+00  7.38982e-01
7.970e-01  -1.01661e+00  7.38982e-01
7.975e-01  -1.01865e+00  7.38982e-01
7.980e-01  -1.02070e+00  7.38982e-01
7.985e-01  -1.02276e+00  7.38982e-01
7.990e-01  -1.02481e+00  7.38982e-01
7.995e-01  -1.02687e+00  7.38982e-01
8.000e-01  -1.02893e+00  7.38982e-01
8.005e-01  -1.03100e+00  7.38982e-01
8.010e-01  -1.03307e+00  7.38982e-01
8.015e-01  -1.03514e+00  7.38982e-01
8.020e-01  -1.03722e+00  7.38982e-01
8.025e-01  -1.03931e+00  7.38982e-01
8.030e-01  -1.04140e+00  7.38982e-01
8.035e-01  -1.04350e+00  7.38982e-01
8.040e-01  -1.04560e+00  7.38982e-01
8.045e-01  -1.04770e+00  7.38982e-01
8.050e-01  -1.04980e+00  7.38982e-01
8.055e-01  -1.05191e+00  7.38982e-01
8.060e-01  -1.05402e+00  7.38982e-01
8.065e-01  -1.05614e+00  7.38982e-01
8.070e-01  -1.05826e+00  7.38982e-01
8.075e-01  -1.06039e+00  7.38982e-01
8.080e-01  -1.06253e+00  7.38982e-01
8.085e-01  -1.06466e+00  7.38982e-01
8.090e-01  -1.06681e+00  7.38982e-01
8.095e-01  -1.06896e+00  7.38982e-01
8.100e-01  -1.07111e+00  7.38982e-01
8.105e-01  -1.07326e+00  7.38982e-01
8.110e-01  -1.07542e+00  7.38982e-01
8.115e-01  -1.07758e+00  7.38982e-01
8.120e-01  -1.07975e+00  7.38982e-01
8.125e-01  -1.08192e+00  7.38982e-01
8.130e-01  -1.08410e+00  7.38982e-01
8.135e-01  -1.08629e+00  7.38982e-01
8.140e-01  -1.08848e+00  7.38982e-01
8.145e-01  -1.09067e+00  7.38982e-01
8.150e-01  -1.09287e+00  7.38982e-01
8.155e-01  -1.09507e+00  7.38982e-01
8.160e-01  -1.09727e+00  7.38982e-01
8.165e-01  -1.09948e+00  7.38982e-01
8.170e-01  -1.10170e+00  7.38982e-01
8.175e-01  -1.10392e+00  7.38982e-01
8.180e-01  -1.10615e+00  7.38982e-01
8.185e-01  -1.10838e+00  7.38982e-01
8.190e-01  -1.11061e+00  7.38982e-01
8.195e-01  -1.11286e+00  7.38982e-01
8.200e-01  -1.11510e+00  7.38982e-01
8.205e-01  -1.11735e+00  7.38982e-01
8.210e-01  -1.11961e+00  7.38982e-01
8.215e-01  -1.12187e+00  7.38982e-01
8.220e-01  -1.12414e+00  7.38982e-01
8.225e-01  -1.12642e+00  7.38982e-01
8.230e-01  -1.12869e+00  7.38982e-01
8.235e-01  -1.13098e+00  7.38982e-01
8.240e-01  -1.13327e+00  7.38982e-01
8.245e-01  -1.13556e+00  7.38982e-01
8.250e-01  -1.13786e+00  7.38982e-01
8.255e-01  -1.14016e+00  7.38982e-01
8.260e-01  -1.14247e+00  7.38982e-01
8.265e-01  -1.14478e+00  7.38982e-01
8.270e-01  -1.14710e+00  7.38982e-01
8.275e-01  -1.14943e+00  7.38982e-01
8.280e-01  -1.15176e+00  7.38982e-01
8.285e-01  -1.15410e+00  7.38982e-01
8.290e-01  -1.15644e+00  7.38982e-01
8.295e-01  -1.15879e+00  7.38982e-01
8.300e-01  -1.16115e+00  7.38982e-01
8.305e-01  -1.16351e+00  7.38982e-01
8.310e-01  -1.16587e+00  7.38982e-01
8.315e-01  -1.16824e+00  7.38982e-01
8.320e-01  -1.17062e+00  7.38982e-01
8.325e-01  -1.17301e+00  7.38982e-01
8.330e-01  -1.17540e+00  7.38982e-01
8.335e-01  -1.17780e+00  7.38982e-01
8.340e-01  -1.18020e+00  7.38982e-01
8.345e-01  -1.18261e+00  7.38982e-01
8.350e-01  -1.18502e+00  7.38982e-01
8.355e-01  -1.18744e+00  7.38982e-01
8.360e-01  -1.18987e+00  7.38982e-01
8.365e-01  -1.19230e+00  7.38982e-01
8.370e-01  -1.19474e+00  7.38982e-01
8.375e-01  -1.19719e+00  7.38982e-01
8.380e-01  -1.19964e+00  7.38982e-01
8.385e-01  -1.20210e+00  7.38982e-01
8.390e-01  -1.20456e+00  7.38982e-01
8.395e-01  -1.20703e+00  7.38982e-01
8.400e-01  -1.20951e+00  7.38982e-01
8.405e-01  -1.21199e+00  7.38982e-01
8.410e-01  -1.21448e+00  7.38982e-01
8.415e-01  -1.21698e+00  7.38982e-01
8.420e-01  -1.21948e+00  7.38982e-01
8.425e-01  -1.22200e+00  7.38982e-01
8.430e-01  -1.22451e+00  7.38982e-01
8.435e-01  -1.22704e+00  7.38982e-01
8.440e-01  -1.22957e+00  7.38982e-01
8.445e-01  -1.23211e+00  7.38982e-01
8.450e-01  -1.23466e+00  7.38982e-01
8.455e-01  -1.23721e+00  7.38982e-01
8.460e-01  -1.23977e+00  7.38982e-01
8.465e-01  -1.24234e+00  7.38982e-01
8.470e-01  -1.24491e+00  7.38982e-01
8.475e-01  -1.24749e+00  7.38982e-01
8.480e-01  -1.25008e+00  7.38982e-01
8.485e-01  -1.25267e+00  7.38982e-01
8.490e-01  -1.25528e+00  7.38982e-01
8.495e-01  -1.25789e+00  7.38982e-01
8.500e-01  -1.26051e+00  7.38982e-01
8.505e-01  -1.26313e+00  7.38982e-01
8.510e-01  -1.26577e+00  7.38982e-01
8.515e-01  -1.26841e+00  7.38982e-01
8.520e-01  -1.27106e+00  7.38982e-01
8.525e-01  -1.27371e+00  7.38982e-01
8.530e-01  -1.27638e+00  7.38982e-01
8.535e-01  -1.27905e+00  7.38982e-01
8.540e-01  -1.28172e+00  7.38982e-01
8.545e-01  -1.28441e+00  7.38982e-01
8.550e-01  -1.28711e+00  7.38982e-01
8.555e-01  -1.28982e+00  7.38982e-01
8.560e-01  -1.29253e+00  7.38982e-01
8.565e-01  -1.29525e+00  7.38982e-01
8.570e-01  -1.29798e+00  7.38982e-01
8.575e-01  -1.30072e+00  7.38982e-01
8.580e-01  -1.30346e+00  7.38982e-01
8.585e-01  -1.30621e+00  7.38982e-01
8.590e-01  -1.30898e+00  7.38982e-01
8.595e-01  -1.31175e+00  7.38982e-01
8.600e-01  -1.31453e+00  7.38982e-01
8.605e-01  -1.31732e+00  7.38982e-01
8.610e-01  -1.32012e+00  7.38982e-01
8.615e-01  -1.32292e+00  7.38982e-01
8.620e-01  -1.32574e+00  7.38982e-01
8.625e-01  -1.32856e+00  7.38982e-01
8.630e-01  -1.33140e+00  7.38982e-01
8.635e-01  -1.33424e+00  7.38982e-01
8.640e-01  -1.33709e+00  7.38982e-01
8.645e-01  -1.33995e+00  7.38982e-01
8.650e-01  -1.34283e+00  7.38982e-01
8.655e-01  -1.34571e+00  7.38982e-01
8.660e-01  -1.34860e+00  7.38982e-01
8.665e-01  -1.35149e+00  7.38982e-01
8.670e-01  -1.35440e+00  7.38982e-01
8.675e-01  -1.35732e+00  7.38982e-01
8.680e-01  -1.36024e+00  7.38982e-01
8.685e-01  -1.36318e+00  7.38982e-01
8.690e-01  -1.36613e+00  7.38982e-01
8.695e-01  -1.36909e+00  7.38982e-01
8.700e-01  -1.37206e+00  7.38982e-01
8.705e-01  -1.37504e+00  7.38982e-01
8.710e-01  -1.37803e+00  7.38982e-01
8.715e-01  -1.38102e+00  7.38982e-01
8.720e-01  -1.38403e+00  7.38982e-01
8.725e-01  -1.38705e+00  7.38982e-01
8.730e-01  -1.39008e+00  7.38982e-01
8.735e-01  -1.39313e+00  7.38982e-01
8.740e-01  -1.39619e+00  7.38982e-01
8.745e-01  -1.39925e+00  7.38982e-01
8.750e-01  -1.40232e+00  7.38982e-01
8.755e-01  -1.40540e+00  7.38982e-01
8.760e-01  -1.40850e+00  7.38982e-01
8.765e-01  -1.41161e+00  7.38982e-01
8.770e-01  -1.41473e+00  7.38982e-01
8.775e-01  -1.41786e+00  7.38982e-01
8.780e-01  -1.42100e+00  7.38982e-01
8.785e-01  -1.42416e+00  7.38982e-01
8.790e-01  -1.42733e+00  7.38982e-01
8.795e-01  -1.43050e+00  7.38982e-01
8.800e-01  -1.43369e+00  7.38982e-01
8.805e-01  -1.43689e+00  7.38982e-01
8.810e-01  -1.44011e+00  7.38982e-01
8.815e-01  -1.44333e+00  7.38982e-01
8.820e-01  -1.44657e+00  7.38982e-01
8.825e-01  -1.44983e+00  7.38982e-01
8.830e-01  -1.45309e+00  7.38982e-01
8.835e-01  -1.45637e+00  7.38982e-01
8.840e-01  -1.45966e+00  7.38982e-01
8.845e-01  -1.46296e+00  7.38982e-01
8.850e-01  -1.46628e+00  7.38982e-01
8.855e-01  -1.46961e+00  7.38982e-01
8.860e-01  -1.47295e+00  7.38982e-01
8.865e-01  -1.47631e+00  7.38982e-01
8.870e-01  -1.47968e+00  7.38982e-01
8.875e-01  -1.48306e+00  7.38982e-01
8.880e-01  -1.48646e+00  7.38982e-01
8.885e-01  -1.48987e+00  7.38982e-01
8.890e-01  -1.49329e+00  7.38982e-01
8.895e-01  -1.49674e+00  7.38982e-01
8.900e-01  -1.50019e+00  7.38982e-01
8.905e-01  -1.50366e+00  7.38982e-01
8.910e-01  -1.50715e+00  7.38982e-01
8.915e-01  -1.51065e+00  7.38982e-01
8.920e-01  -1.51417e+00  7.38982e-01
8.925e-01  -1.51769e+00  7.38982e-01
8.930e-01  -1.52123e+00  7.38982e-01
8.935e-01  -1.52479e+00  7.38982e-01
8.940e-01  -1.52837e+00  7.38982e-01
8.945e-01  -1.53196e+00  7.38982e-01
8.950e-01  -1.53557e+00  7.38982e-01
8.955e-01  -1.53919e+00  7.38982e-01
8.960e-01  -1.54283e+00  7.38982e-01
8.965e-01  -1.54649e+00  7.38982e-01
8.970e-01  -1.55016e+00  7.38982e-01
8.975e-01  -1.55385e+00  7.38982e-01
8.980e-01  -1.55756e+00  7.38982e-01
8.985e-01  -1.56128e+00  7.38982e-01
8.990e-01  -1.56502e+00  7.38982e-01
8.995e-01  -1.56878e+00  7.38982e-01
9.000e-01  -1.57255e+00  7.38982e-01
9.005e-01  -1.57634e+00  7.38982e-01
9.010e-01  -1.58016e+00  7.38982e-01
9.015e-01  -1.58399e+00  7.38982e-01
9.020e-01  -1.58784e+00  7.38982e-01
9.025e-01  -1.59170e+00  7.38982e-01
9.030e-01  -1.59559e+00  7.38982e-01
9.035e-01  -1.59950e+00  7.38982e-01
9.040e-01  -1.60342e+00  7.38982e-01
9.045e-01  -1.60737e+00  7.38982e-01
9.050e-01  -1.61133e+00  7.38982e-01
9.055e-01  -1.61531e+00  7.38982e-01
9.060e-01  -1.61932e+00  7.38982e-01
9.065e-01  -1.62334e+00  7.38982e-01
9.070e-01  -1.62739e+00  7.38982e-01
9.075e-01  -1.63146e+00  7.38982e-01
9.080e-01  -1.63554e+00  7.38982e-01
9.085e-01  -1.63965e+00  7.38982e-01
9.090e-01  -1.64377e+00  7.38982e-01
9.095e-01  -1.64792e+00  7.38982e-01
9.100e-01  -1.65210e+00  7.38982e-01
9.105e-01  -1.65629e+00  7.38982e-01
9.110e-01  -1.66052e+00  7.38982e-01
9.115e-01  -1.66477e+00  7.38982e-01
9.120e-01  -1.66903e+00  7.38982e-01
9.125e-01  -1.67332e+00  7.38982e-01
9.130e-01  -1.67763e+00  7.38982e-01
9.135e-01  -1.68196e+00  7.38982e-01
9.140e-01  -1.68632e+00  7.38982e-01
9.145e-01  -1.69071e+00  7.38982e-01
9.150e-01  -1.69512e+00  7.38982e-01
9.155e-01  -1.69955e+00  7.38982e-01
9.160e-01  -1.70402e+00  7.38982e-01
9.165e-01  -1.70850e+00  7.38982e-01
9.170e-01  -1.71302e+00  7.38982e-01
9.175e-01  -1.71756e+00  7.38982e-01
9.180e-01  -1.72212e+00  7.38982e-01
9.185e-01  -1.72671e+00  7.38982e-01
9.190e-01  -1.73133e+00  7.38982e-01
9.195e-01  -1.73598e+00  7.38982e-01
9.200e-01  -1.74067e+00  7.38982e-01
9.205e-01  -1.74538e+00  7.38982e-01
9.210e-01  -1.75011e+00  7.38982e-01
9.215e-01  -1.75488e+00  7.38982e-01
9.220e-01  -1.75967e+00  7.38982e-01
9.225e-01  -1.76449e+00  7.38982e-01
9.230e-01  -1.76935e+00  7.38982e-01
9.235e-01  -1.77424e+00  7.38982e-01
9.240e-01  -1.77916e+00  7.38982e-01
9.245e-01  -1.78412e+00  7.38982e-01
9.250e-01  -1.78911e+00  7.38982e-01
9.255e-01  -1.79413e+00  7.38982e-01
9.260e-01  -1.79918e+00  7.38982e-01
9.265e-01  -1.80427e+00  7.38982e-01
9.270e-01  -1.80939e+00  7.38982e-01
9.275e-01  -1.81454e+00  7.38982e-01
9.280e-01  -1.81973e+00  7.38982e-01
9.285e-01  -1.82496e+00  7.38982e-01
9.290e-01  -1.83023e+00  7.38982e-01
9.295e-01  -1.83553e+00  7.38982e-01
9.300e-01  -1.84087e+00  7.38982e-01
9.305e-01  -1.84626e+00  7.38982e-01
9.310e-01  -1.85168e+00  7.38982e-01
9.315e-01  -1.85714e+00  7.38982e-01
9.320e-01  -1.86264e+00  7.38982e-01
9.325e-01  -1.86818e+00  7.38982e-01
9.330e-01  -1.87376e+00  7.38982e-01
9.335e-01  -1.87939e+00  7.38982e-01
9.340e-01  -1.88505e+00  7.38982e-01
9.345e-01  -1.89076e+00  7.38982e-01
9.350e-01  -1.89651e+00  7.38982e-01
9.355e-01  -1.90231e+00  7.38982e-01
9.360e-01  -1.90816e+00  7.38982e-01
9.365e-01  -1.91405e+00  7.38982e-01
9.370e-01  -1.91999e+00  7.38982e-01
9.375e-01  -1.92598e+00  7.38982e-01
9.380e-01  -1.93203e+00  7.38982e-01
9.385e-01  -1.93812e+00  7.38982e-01
9.390e-01  -1.94426e+00  7.38982e-01
9.395e-01  -1.95045e+00  7.38982e-01
9.400e-01  -1.95670e+00  7.38982e-01
9.405e-01  -1.96301e+00  7.38982e-01
9.410e-01  -1.96937e+00  7.38982e-01
9.415e-01  -1.97578e+00  7.38982e-01
9.420e-01  -1.98223e+00  7.38982e-01
9.425e-01  -1.98876e+00  7.38982e-01
9.430e-01  -1.99535e+00  7.38982e-01
9.435e-01  -2.00199e+00  7.38982e-01
9.440e-01  -2.00871e+00  7.38982e-01
9.445e-01  -2.01548e+00  7.38982e-01
9.450e-01  -2.02232e+00  7.38982e-01
9.455e-01  -2.02922e+00  7.38982e-01
9.460e-01  -2.03618e+00  7.38982e-01
9.465e-01  -2.04323e+00  7.38982e-01
9.470e-01  -2.05034e+00  7.38982e-01
9.475e-01  -2.05752e+00  7.38982e-01
9.480e-01  -2.06476e+00  7.38982e-01
9.485e-01  -2.07209e+00  7.38982e-01
9.490e-01  -2.07950e+00  7.38982e-01
9.495e-01  -2.08697e+00  7.38982e-01
9.500e-01  -2.09453e+00  7.38982e-01
9.505e-01  -2.10217e+00  7.38982e-01
9.510e-01  -2.10989e+00  7.38982e-01
9.515e-01  -2.11770e+00  7.38982e-01
9.520e-01  -2.12560e+00  7.38982e-01
9.525e-01  -2.13359e+00  7.38982e-01
9.530e-01  -2.14168e+00  7.38982e-01
9.535e-01  -2.14985e+00  7.38982e-01
9.540e-01  -2.15812e+00  7.38982e-01
9.545e-01  -2.16649e+00  7.38982e-01
9.550e-01  -2.17495e+00  7.38982e-01
9.555e-01  -2.18353e+00  7.38982e-01
9.560e-01  -2.19222e+00  7.38982e-01
9.565e-01  -2.20100e+00  7.38982e-01
9.570e-01  -2.20989e+00  7.38982e-01
9.575e-01  -2.21891e+00  7.38982e-01
9.580e-01  -2.22806e+00  7.38982e-01
9.585e-01  -2.23732e+00  7.38982e-01
9.590e-01  -2.24669e+00  7.38982e-01
9.595e-01  -2.25621e+00  7.38982e-01
9.600e-01  -2.26585e+00  7.38982e-01
9.605e-01  -2.27562e+00  7.38982e-01
9.610e-01  -2.28554e+00  7.38982e-01
9.615e-01  -2.29561e+00  7.38982e-01
9.620e-01  -2.30582e+00  7.38982e-01
9.625e-01  -2.31618e+00  7.38982e-01
9.630e-01  -2.32671e+00  7.38982e-01
9.635e-01  -2.33740e+00  7.38982e-01
9.640e-01  -2.34825e+00  7.38982e-01
9.645e-01  -2.35929e+00  7.38982e-01
9.650e-01  -2.37050e+00  7.38982e-01
9.655e-01  -2.38191e+00  7.38982e-01
9.660e-01  -2.39351e+00  7.38982e-01
9.665e-01  -2.40530e+00  7.38982e-01
9.670e-01  -2.41731e+00  7.38982e-01
9.675e-01  -2.42953e+00  7.38982e-01
9.680e-01  -2.44197e+00  7.38982e-01
9.685e-01  -2.45466e+00  7.38982e-01
9.690e-01  -2.46757e+00  7.38982e-01
9.695e-01  -2.48074e+00  7.38982e-01
9.700e-01  -2.49417e+00  7.38982e-01
9.705e-01  -2.50789e+00  7.38982e-01
9.710e-01  -2.52186e+00  7.38982e-01
9.715e-01  -2.53614e+00  7.38982e-01
9.720e-01  -2.55069e+00  7.38982e-01
9.725e-01  -2.56561e+00  7.38982e-01
9.730e-01  -2.58084e+00  7.38982e-01
9.735e-01  -2.59638e+00  7.38982e-01
9.740e-01  -2.61233e+00  7.38982e-01
9.745e-01  -2.62861e+00  7.38982e-01
9.750e-01  -2.64532e+00  7.38982e-01
9.755e-01  -2.66242e+00  7.38982e-01
9.760e-01  -2.67993e+00  7.38982e-01
9.765e-01  -2.69794e+00  7.38982e-01
9.770e-01  -2.71633e+00  7.38982e-01
9.775e-01  -2.73526e+00  7.38982e-01
9.780e-01  -2.75466e+00  7.38982e-01
9.785e-01  -2.77460e+00  7.38982e-01
9.790e-01  -2.79504e+00  7.38982e-01
9.795e-01  -2.81606e+00  7.38982e-01
9.800e-01  -2.83772e+00  7.38982e-01
9.805e-01  -2.85991e+00  7.38982e-01
9.810e-01  -2.88280e+00  7.38982e-01
9.815e-01  -2.90633e+00  7.38982e-01
9.820e-01  -2.93057e+00  7.38982e-01
9.825e-01  -2.95557e+00  7.38982e-01
9.830e-01  -2.98130e+00  7.38982e-01
9.835e-01  -3.00791e+00  7.38982e-01
9.840e-01  -3.03548e+00  7.38982e-01
9.845e-01  -3.06400e+00  7.38982e-01
9.850e-01  -3.09363e+00  7.38982e-01
9.855e-01  -3.12447e+00  7.38982e-01
9.860e-01  -3.15662e+00  7.38982e-01
9.865e-01  -3.19031e+00  7.38982e-01
9.870e-01  -3.22573e+00  7.38982e-01
9.875e-01  -3.26309e+00  7.38982e-01
9.880e-01  -3.30267e+00  7.38982e-01
9.885e-01  -3.34466e+00  7.38982e-01
9.890e-01  -3.38947e+00  7.38982e-01
9.895e-01  -3.43747e+00  7.38982e-01
9.900e-01  -3.48906e+00  7.38982e-01
9.905e-01  -3.54457e+00  7.38982e-01
9.910e-01  -3.60461e+00  7.38982e-01
9.915e-01  -3.66954e+00  7.38982e-01
9.920e-01  -3.73988e+00  7.38982e-01
9.925e-01  -3.81639e+00  7.38982e-01
9.930e-01  -3.89954e+00  7.38982e-01
9.935e-01  -3.99018e+00  7.38982e-01
9.940e-01  -4.08926e+00  7.38982e-01
9.945e-01  -4.19822e+00  7.38982e-01
9.950e-01  -4.31802e+00  7.38982e-01
9.955e-01  -4.45099e+00  7.38982e-01
9.960e-01  -4.59825e+00  7.38982e-01
9.965e-01  -4.76270e+00  7.38982e-01
9.970e-01  -4.94684e+00  7.38982e-01
9.975e-01  -5.15392e+00  7.38982e-01
9.980e-01  -5.38826e+00  7.38982e-01
9.985e-01  -5.65613e+00  7.38982e-01
9.990e-01  -5.96600e+00  7.38982e-01
9.995e-01  -6.33094e+00  7.38982e-01
1.000e+00  -6.76743e+00  7.38982e-01
