# Magnus solar model B23-AAG21
#
# Reference:  Y. Herrera and A. Serenelli, "Standard Solar Models B23 / SF-III", Zenodo, v1.2 (2023), doi:10.5281/zenodo.10822316; solar composition Asplund et al. (2021), A&A 653, A141
# Source:     https://zenodo.org/records/10822316/files/SolarModels_ICE2023_v1.2.zip
# Original:   SolarModels/struct+nu_SF3_AAG21.dat
# Retrieved:  2026-09-23
# SHA-256:    382037d76ed35c9b50a4094d3ada3c90284af025c3235b49cda9d932699f87d0 (of SolarModels_ICE2023_v1.2.zip)
# Terms:      Creative Commons Attribution 4.0 International (CC-BY-4.0).
# Modified:   columns extracted only -- radius [R_sun], log10_rho_g_per_cm3, hydrogen mass fraction X --
#             each value copied from the original as written; nothing recomputed or rounded.
#             Built by tools/build_solar_model_tables.py.
# density_column: log10_rho_g_per_cm3
#
# The original header follows, as the authors wrote it:
#
#    #     R_sun        mass_sun           L_sun            logR            logT            logP          logRho          Csound              dm           nu_pp          nu_pep          nu_hep          nu_7Be           nu_8B          nu_13N          nu_15O          nu_17F          log_ne              H1             He4             He3             C12             C13             N14             N15             O16             O17             O18              Ne              Na              Mg              Al              Si               P               S              Cl              Ar               K              Ca              Sc              Ti               V              Cr              Mn              Fe              Co              Ni
#
# r_over_r_sun  log10_rho_g_per_cm3  x_hydrogen
0.000e+00  2.17169e+00  3.59624e-01
5.000e-04  2.17166e+00  3.59653e-01
1.000e-03  2.17164e+00  3.59669e-01
1.500e-03  2.17161e+00  3.59690e-01
2.000e-03  2.17156e+00  3.59734e-01
2.500e-03  2.17149e+00  3.59796e-01
3.000e-03  2.17140e+00  3.59873e-01
3.500e-03  2.17130e+00  3.59965e-01
4.000e-03  2.17118e+00  3.60073e-01
4.500e-03  2.17104e+00  3.60196e-01
5.000e-03  2.17089e+00  3.60333e-01
5.500e-03  2.17072e+00  3.60485e-01
6.000e-03  2.17055e+00  3.60651e-01
6.500e-03  2.17034e+00  3.60832e-01
7.000e-03  2.17013e+00  3.61027e-01
7.500e-03  2.16989e+00  3.61238e-01
8.000e-03  2.16964e+00  3.61462e-01
8.500e-03  2.16938e+00  3.61700e-01
9.000e-03  2.16910e+00  3.61953e-01
9.500e-03  2.16881e+00  3.62220e-01
1.000e-02  2.16849e+00  3.62502e-01
1.050e-02  2.16817e+00  3.62797e-01
1.100e-02  2.16783e+00  3.63107e-01
1.150e-02  2.16747e+00  3.63430e-01
1.200e-02  2.16709e+00  3.63768e-01
1.250e-02  2.16671e+00  3.64120e-01
1.300e-02  2.16630e+00  3.64486e-01
1.350e-02  2.16588e+00  3.64865e-01
1.400e-02  2.16545e+00  3.65259e-01
1.450e-02  2.16500e+00  3.65666e-01
1.500e-02  2.16452e+00  3.66087e-01
1.550e-02  2.16405e+00  3.66522e-01
1.600e-02  2.16355e+00  3.66970e-01
1.650e-02  2.16305e+00  3.67432e-01
1.700e-02  2.16252e+00  3.67908e-01
1.750e-02  2.16197e+00  3.68396e-01
1.800e-02  2.16142e+00  3.68898e-01
1.850e-02  2.16084e+00  3.69414e-01
1.900e-02  2.16026e+00  3.69943e-01
1.950e-02  2.15966e+00  3.70485e-01
2.000e-02  2.15905e+00  3.71040e-01
2.050e-02  2.15841e+00  3.71608e-01
2.100e-02  2.15777e+00  3.72188e-01
2.150e-02  2.15711e+00  3.72782e-01
2.200e-02  2.15644e+00  3.73388e-01
2.250e-02  2.15575e+00  3.74008e-01
2.300e-02  2.15505e+00  3.74640e-01
2.350e-02  2.15433e+00  3.75284e-01
2.400e-02  2.15360e+00  3.75940e-01
2.450e-02  2.15286e+00  3.76610e-01
2.500e-02  2.15210e+00  3.77291e-01
2.550e-02  2.15133e+00  3.77985e-01
2.600e-02  2.15055e+00  3.78690e-01
2.650e-02  2.14975e+00  3.79408e-01
2.700e-02  2.14894e+00  3.80137e-01
2.750e-02  2.14811e+00  3.80878e-01
2.800e-02  2.14727e+00  3.81631e-01
2.850e-02  2.14642e+00  3.82396e-01
2.900e-02  2.14555e+00  3.83172e-01
2.950e-02  2.14468e+00  3.83959e-01
3.000e-02  2.14379e+00  3.84758e-01
3.050e-02  2.14288e+00  3.85568e-01
3.100e-02  2.14197e+00  3.86388e-01
3.150e-02  2.14104e+00  3.87220e-01
3.200e-02  2.14009e+00  3.88063e-01
3.250e-02  2.13914e+00  3.88917e-01
3.300e-02  2.13818e+00  3.89781e-01
3.350e-02  2.13719e+00  3.90655e-01
3.400e-02  2.13621e+00  3.91540e-01
3.450e-02  2.13520e+00  3.92435e-01
3.500e-02  2.13418e+00  3.93340e-01
3.550e-02  2.13316e+00  3.94257e-01
3.600e-02  2.13212e+00  3.95181e-01
3.650e-02  2.13107e+00  3.96117e-01
3.700e-02  2.13000e+00  3.97062e-01
3.750e-02  2.12893e+00  3.98016e-01
3.800e-02  2.12785e+00  3.98980e-01
3.850e-02  2.12675e+00  3.99954e-01
3.900e-02  2.12564e+00  4.00936e-01
3.950e-02  2.12452e+00  4.01928e-01
4.000e-02  2.12339e+00  4.02929e-01
4.050e-02  2.12225e+00  4.03938e-01
4.100e-02  2.12109e+00  4.04956e-01
4.150e-02  2.11993e+00  4.05983e-01
4.200e-02  2.11875e+00  4.07018e-01
4.250e-02  2.11757e+00  4.08061e-01
4.300e-02  2.11637e+00  4.09114e-01
4.350e-02  2.11516e+00  4.10173e-01
4.400e-02  2.11394e+00  4.11242e-01
4.450e-02  2.11271e+00  4.12316e-01
4.500e-02  2.11147e+00  4.13400e-01
4.550e-02  2.11022e+00  4.14491e-01
4.600e-02  2.10896e+00  4.15589e-01
4.650e-02  2.10770e+00  4.16695e-01
4.700e-02  2.10642e+00  4.17807e-01
4.750e-02  2.10514e+00  4.18927e-01
4.800e-02  2.10384e+00  4.20054e-01
4.850e-02  2.10254e+00  4.21188e-01
4.900e-02  2.10123e+00  4.22328e-01
4.950e-02  2.09991e+00  4.23475e-01
5.000e-02  2.09858e+00  4.24629e-01
5.050e-02  2.09723e+00  4.25788e-01
5.100e-02  2.09588e+00  4.26954e-01
5.150e-02  2.09453e+00  4.28126e-01
5.200e-02  2.09316e+00  4.29304e-01
5.250e-02  2.09179e+00  4.30488e-01
5.300e-02  2.09041e+00  4.31677e-01
5.350e-02  2.08902e+00  4.32871e-01
5.400e-02  2.08762e+00  4.34072e-01
5.450e-02  2.08621e+00  4.35278e-01
5.500e-02  2.08480e+00  4.36488e-01
5.550e-02  2.08338e+00  4.37704e-01
5.600e-02  2.08195e+00  4.38925e-01
5.650e-02  2.08051e+00  4.40150e-01
5.700e-02  2.07906e+00  4.41379e-01
5.750e-02  2.07762e+00  4.42614e-01
5.800e-02  2.07616e+00  4.43853e-01
5.850e-02  2.07469e+00  4.45096e-01
5.900e-02  2.07321e+00  4.46343e-01
5.950e-02  2.07173e+00  4.47595e-01
6.000e-02  2.07025e+00  4.48850e-01
6.050e-02  2.06875e+00  4.50109e-01
6.100e-02  2.06725e+00  4.51371e-01
6.150e-02  2.06575e+00  4.52637e-01
6.200e-02  2.06423e+00  4.53906e-01
6.250e-02  2.06271e+00  4.55179e-01
6.300e-02  2.06119e+00  4.56455e-01
6.350e-02  2.05965e+00  4.57734e-01
6.400e-02  2.05811e+00  4.59016e-01
6.450e-02  2.05657e+00  4.60301e-01
6.500e-02  2.05501e+00  4.61588e-01
6.550e-02  2.05346e+00  4.62879e-01
6.600e-02  2.05190e+00  4.64172e-01
6.650e-02  2.05033e+00  4.65465e-01
6.700e-02  2.04875e+00  4.66762e-01
6.750e-02  2.04717e+00  4.68062e-01
6.800e-02  2.04559e+00  4.69364e-01
6.850e-02  2.04400e+00  4.70667e-01
6.900e-02  2.04240e+00  4.71972e-01
6.950e-02  2.04079e+00  4.73278e-01
7.000e-02  2.03919e+00  4.74586e-01
7.050e-02  2.03758e+00  4.75896e-01
7.100e-02  2.03596e+00  4.77207e-01
7.150e-02  2.03434e+00  4.78519e-01
7.200e-02  2.03271e+00  4.79832e-01
7.250e-02  2.03108e+00  4.81146e-01
7.300e-02  2.02944e+00  4.82461e-01
7.350e-02  2.02780e+00  4.83777e-01
7.400e-02  2.02616e+00  4.85093e-01
7.450e-02  2.02451e+00  4.86410e-01
7.500e-02  2.02285e+00  4.87728e-01
7.550e-02  2.02119e+00  4.89046e-01
7.600e-02  2.01952e+00  4.90364e-01
7.650e-02  2.01786e+00  4.91681e-01
7.700e-02  2.01619e+00  4.93000e-01
7.750e-02  2.01451e+00  4.94317e-01
7.800e-02  2.01284e+00  4.95634e-01
7.850e-02  2.01116e+00  4.96952e-01
7.900e-02  2.00946e+00  4.98268e-01
7.950e-02  2.00777e+00  4.99584e-01
8.000e-02  2.00608e+00  5.00900e-01
8.050e-02  2.00438e+00  5.02215e-01
8.100e-02  2.00268e+00  5.03529e-01
8.150e-02  2.00096e+00  5.04842e-01
8.200e-02  1.99926e+00  5.06154e-01
8.250e-02  1.99754e+00  5.07466e-01
8.300e-02  1.99583e+00  5.08775e-01
8.350e-02  1.99411e+00  5.10082e-01
8.400e-02  1.99238e+00  5.11389e-01
8.450e-02  1.99065e+00  5.12695e-01
8.500e-02  1.98892e+00  5.13998e-01
8.550e-02  1.98720e+00  5.15301e-01
8.600e-02  1.98546e+00  5.16601e-01
8.650e-02  1.98371e+00  5.17899e-01
8.700e-02  1.98197e+00  5.19195e-01
8.750e-02  1.98023e+00  5.20489e-01
8.800e-02  1.97848e+00  5.21781e-01
8.850e-02  1.97673e+00  5.23070e-01
8.900e-02  1.97498e+00  5.24358e-01
8.950e-02  1.97322e+00  5.25642e-01
9.000e-02  1.97146e+00  5.26925e-01
9.050e-02  1.96970e+00  5.28204e-01
9.100e-02  1.96794e+00  5.29482e-01
9.150e-02  1.96617e+00  5.30757e-01
9.200e-02  1.96440e+00  5.32029e-01
9.250e-02  1.96263e+00  5.33297e-01
9.300e-02  1.96086e+00  5.34562e-01
9.350e-02  1.95908e+00  5.35826e-01
9.400e-02  1.95729e+00  5.37085e-01
9.450e-02  1.95552e+00  5.38341e-01
9.500e-02  1.95374e+00  5.39595e-01
9.550e-02  1.95195e+00  5.40845e-01
9.600e-02  1.95016e+00  5.42091e-01
9.650e-02  1.94837e+00  5.43334e-01
9.700e-02  1.94657e+00  5.44573e-01
9.750e-02  1.94478e+00  5.45810e-01
9.800e-02  1.94298e+00  5.47043e-01
9.850e-02  1.94118e+00  5.48271e-01
9.900e-02  1.93938e+00  5.49496e-01
9.950e-02  1.93758e+00  5.50718e-01
1.000e-01  1.93578e+00  5.51935e-01
1.005e-01  1.93397e+00  5.53148e-01
1.010e-01  1.93217e+00  5.54358e-01
1.015e-01  1.93035e+00  5.55564e-01
1.020e-01  1.92854e+00  5.56765e-01
1.025e-01  1.92673e+00  5.57962e-01
1.030e-01  1.92491e+00  5.59157e-01
1.035e-01  1.92309e+00  5.60344e-01
1.040e-01  1.92128e+00  5.61530e-01
1.045e-01  1.91946e+00  5.62711e-01
1.050e-01  1.91763e+00  5.63887e-01
1.055e-01  1.91580e+00  5.65060e-01
1.060e-01  1.91398e+00  5.66227e-01
1.065e-01  1.91216e+00  5.67388e-01
1.070e-01  1.91032e+00  5.68548e-01
1.075e-01  1.90849e+00  5.69702e-01
1.080e-01  1.90666e+00  5.70853e-01
1.085e-01  1.90482e+00  5.71997e-01
1.090e-01  1.90299e+00  5.73136e-01
1.095e-01  1.90115e+00  5.74272e-01
1.100e-01  1.89931e+00  5.75402e-01
1.105e-01  1.89746e+00  5.76529e-01
1.110e-01  1.89563e+00  5.77650e-01
1.115e-01  1.89379e+00  5.78765e-01
1.120e-01  1.89193e+00  5.79877e-01
1.125e-01  1.89009e+00  5.80983e-01
1.130e-01  1.88825e+00  5.82085e-01
1.135e-01  1.88640e+00  5.83181e-01
1.140e-01  1.88455e+00  5.84272e-01
1.145e-01  1.88269e+00  5.85359e-01
1.150e-01  1.88084e+00  5.86440e-01
1.155e-01  1.87898e+00  5.87516e-01
1.160e-01  1.87713e+00  5.88587e-01
1.165e-01  1.87527e+00  5.89653e-01
1.170e-01  1.87341e+00  5.90713e-01
1.175e-01  1.87155e+00  5.91768e-01
1.180e-01  1.86969e+00  5.92817e-01
1.185e-01  1.86782e+00  5.93863e-01
1.190e-01  1.86596e+00  5.94902e-01
1.195e-01  1.86409e+00  5.95936e-01
1.200e-01  1.86222e+00  5.96966e-01
1.205e-01  1.86036e+00  5.97989e-01
1.210e-01  1.85849e+00  5.99007e-01
1.215e-01  1.85662e+00  6.00020e-01
1.220e-01  1.85474e+00  6.01029e-01
1.225e-01  1.85287e+00  6.02030e-01
1.230e-01  1.85099e+00  6.03027e-01
1.235e-01  1.84912e+00  6.04018e-01
1.240e-01  1.84724e+00  6.05004e-01
1.245e-01  1.84536e+00  6.05985e-01
1.250e-01  1.84347e+00  6.06958e-01
1.255e-01  1.84159e+00  6.07928e-01
1.260e-01  1.83971e+00  6.08892e-01
1.265e-01  1.83783e+00  6.09849e-01
1.270e-01  1.83594e+00  6.10803e-01
1.275e-01  1.83405e+00  6.11750e-01
1.280e-01  1.83216e+00  6.12690e-01
1.285e-01  1.83027e+00  6.13626e-01
1.290e-01  1.82838e+00  6.14557e-01
1.295e-01  1.82649e+00  6.15483e-01
1.300e-01  1.82459e+00  6.16402e-01
1.305e-01  1.82269e+00  6.17316e-01
1.310e-01  1.82080e+00  6.18224e-01
1.315e-01  1.81890e+00  6.19127e-01
1.320e-01  1.81701e+00  6.20025e-01
1.325e-01  1.81511e+00  6.20916e-01
1.330e-01  1.81320e+00  6.21802e-01
1.335e-01  1.81130e+00  6.22682e-01
1.340e-01  1.80940e+00  6.23556e-01
1.345e-01  1.80749e+00  6.24425e-01
1.350e-01  1.80559e+00  6.25290e-01
1.355e-01  1.80368e+00  6.26148e-01
1.360e-01  1.80177e+00  6.27000e-01
1.365e-01  1.79986e+00  6.27847e-01
1.370e-01  1.79795e+00  6.28687e-01
1.375e-01  1.79604e+00  6.29524e-01
1.380e-01  1.79412e+00  6.30355e-01
1.385e-01  1.79221e+00  6.31179e-01
1.390e-01  1.79029e+00  6.31999e-01
1.395e-01  1.78837e+00  6.32813e-01
1.400e-01  1.78645e+00  6.33621e-01
1.405e-01  1.78453e+00  6.34425e-01
1.410e-01  1.78262e+00  6.35223e-01
1.415e-01  1.78070e+00  6.36015e-01
1.420e-01  1.77877e+00  6.36802e-01
1.425e-01  1.77684e+00  6.37583e-01
1.430e-01  1.77492e+00  6.38359e-01
1.435e-01  1.77299e+00  6.39130e-01
1.440e-01  1.77106e+00  6.39896e-01
1.445e-01  1.76913e+00  6.40656e-01
1.450e-01  1.76720e+00  6.41411e-01
1.455e-01  1.76527e+00  6.42161e-01
1.460e-01  1.76333e+00  6.42906e-01
1.465e-01  1.76139e+00  6.43645e-01
1.470e-01  1.75946e+00  6.44379e-01
1.475e-01  1.75752e+00  6.45107e-01
1.480e-01  1.75558e+00  6.45830e-01
1.485e-01  1.75364e+00  6.46549e-01
1.490e-01  1.75169e+00  6.47263e-01
1.495e-01  1.74974e+00  6.47972e-01
1.500e-01  1.74779e+00  6.48675e-01
1.505e-01  1.74585e+00  6.49373e-01
1.510e-01  1.74390e+00  6.50066e-01
1.515e-01  1.74195e+00  6.50753e-01
1.520e-01  1.74000e+00  6.51435e-01
1.525e-01  1.73804e+00  6.52113e-01
1.530e-01  1.73609e+00  6.52787e-01
1.535e-01  1.73413e+00  6.53455e-01
1.540e-01  1.73217e+00  6.54117e-01
1.545e-01  1.73021e+00  6.54775e-01
1.550e-01  1.72824e+00  6.55428e-01
1.555e-01  1.72628e+00  6.56075e-01
1.560e-01  1.72432e+00  6.56717e-01
1.565e-01  1.72235e+00  6.57355e-01
1.570e-01  1.72039e+00  6.57988e-01
1.575e-01  1.71842e+00  6.58616e-01
1.580e-01  1.71644e+00  6.59239e-01
1.585e-01  1.71446e+00  6.59858e-01
1.590e-01  1.71249e+00  6.60471e-01
1.595e-01  1.71052e+00  6.61079e-01
1.600e-01  1.70854e+00  6.61682e-01
1.605e-01  1.70656e+00  6.62281e-01
1.610e-01  1.70457e+00  6.62875e-01
1.615e-01  1.70259e+00  6.63463e-01
1.620e-01  1.70061e+00  6.64047e-01
1.625e-01  1.69862e+00  6.64627e-01
1.630e-01  1.69663e+00  6.65202e-01
1.635e-01  1.69464e+00  6.65771e-01
1.640e-01  1.69265e+00  6.66335e-01
1.645e-01  1.69066e+00  6.66895e-01
1.650e-01  1.68866e+00  6.67450e-01
1.655e-01  1.68667e+00  6.68001e-01
1.660e-01  1.68466e+00  6.68548e-01
1.665e-01  1.68266e+00  6.69089e-01
1.670e-01  1.68067e+00  6.69625e-01
1.675e-01  1.67867e+00  6.70156e-01
1.680e-01  1.67666e+00  6.70683e-01
1.685e-01  1.67465e+00  6.71205e-01
1.690e-01  1.67265e+00  6.71723e-01
1.695e-01  1.67063e+00  6.72236e-01
1.700e-01  1.66862e+00  6.72745e-01
1.705e-01  1.66660e+00  6.73249e-01
1.710e-01  1.66458e+00  6.73750e-01
1.715e-01  1.66257e+00  6.74245e-01
1.720e-01  1.66055e+00  6.74736e-01
1.725e-01  1.65854e+00  6.75222e-01
1.730e-01  1.65651e+00  6.75703e-01
1.735e-01  1.65448e+00  6.76181e-01
1.740e-01  1.65245e+00  6.76655e-01
1.745e-01  1.65042e+00  6.77124e-01
1.750e-01  1.64840e+00  6.77588e-01
1.755e-01  1.64637e+00  6.78047e-01
1.760e-01  1.64434e+00  6.78503e-01
1.765e-01  1.64230e+00  6.78955e-01
1.770e-01  1.64026e+00  6.79403e-01
1.775e-01  1.63822e+00  6.79847e-01
1.780e-01  1.63618e+00  6.80286e-01
1.785e-01  1.63414e+00  6.80720e-01
1.790e-01  1.63209e+00  6.81151e-01
1.795e-01  1.63005e+00  6.81578e-01
1.800e-01  1.62800e+00  6.82001e-01
1.805e-01  1.62595e+00  6.82420e-01
1.810e-01  1.62390e+00  6.82835e-01
1.815e-01  1.62185e+00  6.83247e-01
1.820e-01  1.61979e+00  6.83654e-01
1.825e-01  1.61773e+00  6.84056e-01
1.830e-01  1.61567e+00  6.84455e-01
1.835e-01  1.61361e+00  6.84851e-01
1.840e-01  1.61155e+00  6.85243e-01
1.845e-01  1.60949e+00  6.85630e-01
1.850e-01  1.60742e+00  6.86014e-01
1.855e-01  1.60535e+00  6.86395e-01
1.860e-01  1.60328e+00  6.86772e-01
1.865e-01  1.60121e+00  6.87146e-01
1.870e-01  1.59913e+00  6.87515e-01
1.875e-01  1.59706e+00  6.87881e-01
1.880e-01  1.59497e+00  6.88244e-01
1.885e-01  1.59289e+00  6.88602e-01
1.890e-01  1.59081e+00  6.88958e-01
1.895e-01  1.58873e+00  6.89309e-01
1.900e-01  1.58665e+00  6.89657e-01
1.905e-01  1.58456e+00  6.90003e-01
1.910e-01  1.58247e+00  6.90345e-01
1.915e-01  1.58038e+00  6.90683e-01
1.920e-01  1.57828e+00  6.91017e-01
1.925e-01  1.57618e+00  6.91349e-01
1.930e-01  1.57409e+00  6.91677e-01
1.935e-01  1.57199e+00  6.92002e-01
1.940e-01  1.56988e+00  6.92324e-01
1.945e-01  1.56778e+00  6.92642e-01
1.950e-01  1.56568e+00  6.92958e-01
1.955e-01  1.56357e+00  6.93270e-01
1.960e-01  1.56146e+00  6.93579e-01
1.965e-01  1.55935e+00  6.93885e-01
1.970e-01  1.55723e+00  6.94188e-01
1.975e-01  1.55512e+00  6.94488e-01
1.980e-01  1.55300e+00  6.94784e-01
1.985e-01  1.55088e+00  6.95078e-01
1.990e-01  1.54876e+00  6.95369e-01
1.995e-01  1.54664e+00  6.95657e-01
2.000e-01  1.54451e+00  6.95942e-01
2.005e-01  1.54239e+00  6.96224e-01
2.010e-01  1.54026e+00  6.96503e-01
2.015e-01  1.53812e+00  6.96780e-01
2.020e-01  1.53599e+00  6.97053e-01
2.025e-01  1.53385e+00  6.97324e-01
2.030e-01  1.53172e+00  6.97592e-01
2.035e-01  1.52958e+00  6.97857e-01
2.040e-01  1.52743e+00  6.98120e-01
2.045e-01  1.52529e+00  6.98380e-01
2.050e-01  1.52315e+00  6.98637e-01
2.055e-01  1.52100e+00  6.98891e-01
2.060e-01  1.51885e+00  6.99143e-01
2.065e-01  1.51670e+00  6.99392e-01
2.070e-01  1.51454e+00  6.99638e-01
2.075e-01  1.51239e+00  6.99882e-01
2.080e-01  1.51023e+00  7.00123e-01
2.085e-01  1.50807e+00  7.00362e-01
2.090e-01  1.50591e+00  7.00599e-01
2.095e-01  1.50375e+00  7.00833e-01
2.100e-01  1.50158e+00  7.01064e-01
2.105e-01  1.49942e+00  7.01294e-01
2.110e-01  1.49725e+00  7.01520e-01
2.115e-01  1.49508e+00  7.01745e-01
2.120e-01  1.49290e+00  7.01968e-01
2.125e-01  1.49072e+00  7.02188e-01
2.130e-01  1.48854e+00  7.02405e-01
2.135e-01  1.48636e+00  7.02620e-01
2.140e-01  1.48418e+00  7.02833e-01
2.145e-01  1.48200e+00  7.03044e-01
2.150e-01  1.47982e+00  7.03252e-01
2.155e-01  1.47764e+00  7.03458e-01
2.160e-01  1.47545e+00  7.03661e-01
2.165e-01  1.47326e+00  7.03862e-01
2.170e-01  1.47106e+00  7.04061e-01
2.175e-01  1.46887e+00  7.04259e-01
2.180e-01  1.46667e+00  7.04454e-01
2.185e-01  1.46447e+00  7.04647e-01
2.190e-01  1.46227e+00  7.04838e-01
2.195e-01  1.46007e+00  7.05027e-01
2.200e-01  1.45786e+00  7.05214e-01
2.205e-01  1.45565e+00  7.05400e-01
2.210e-01  1.45344e+00  7.05583e-01
2.215e-01  1.45123e+00  7.05764e-01
2.220e-01  1.44901e+00  7.05944e-01
2.225e-01  1.44680e+00  7.06121e-01
2.230e-01  1.44459e+00  7.06296e-01
2.235e-01  1.44237e+00  7.06469e-01
2.240e-01  1.44015e+00  7.06641e-01
2.245e-01  1.43793e+00  7.06811e-01
2.250e-01  1.43570e+00  7.06978e-01
2.255e-01  1.43348e+00  7.07144e-01
2.260e-01  1.43125e+00  7.07308e-01
2.265e-01  1.42902e+00  7.07470e-01
2.270e-01  1.42679e+00  7.07630e-01
2.275e-01  1.42456e+00  7.07788e-01
2.280e-01  1.42232e+00  7.07945e-01
2.285e-01  1.42008e+00  7.08100e-01
2.290e-01  1.41784e+00  7.08253e-01
2.295e-01  1.41560e+00  7.08405e-01
2.300e-01  1.41336e+00  7.08555e-01
2.305e-01  1.41112e+00  7.08703e-01
2.310e-01  1.40887e+00  7.08849e-01
2.315e-01  1.40663e+00  7.08994e-01
2.320e-01  1.40438e+00  7.09137e-01
2.325e-01  1.40212e+00  7.09279e-01
2.330e-01  1.39987e+00  7.09419e-01
2.335e-01  1.39761e+00  7.09557e-01
2.340e-01  1.39535e+00  7.09694e-01
2.345e-01  1.39309e+00  7.09829e-01
2.350e-01  1.39083e+00  7.09963e-01
2.355e-01  1.38857e+00  7.10095e-01
2.360e-01  1.38631e+00  7.10226e-01
2.365e-01  1.38404e+00  7.10355e-01
2.370e-01  1.38178e+00  7.10482e-01
2.375e-01  1.37951e+00  7.10609e-01
2.380e-01  1.37724e+00  7.10734e-01
2.385e-01  1.37496e+00  7.10857e-01
2.390e-01  1.37268e+00  7.10979e-01
2.395e-01  1.37041e+00  7.11099e-01
2.400e-01  1.36812e+00  7.11218e-01
2.405e-01  1.36584e+00  7.11336e-01
2.410e-01  1.36356e+00  7.11451e-01
2.415e-01  1.36128e+00  7.11565e-01
2.420e-01  1.35899e+00  7.11678e-01
2.425e-01  1.35671e+00  7.11789e-01
2.430e-01  1.35442e+00  7.11899e-01
2.435e-01  1.35213e+00  7.12008e-01
2.440e-01  1.34984e+00  7.12116e-01
2.445e-01  1.34755e+00  7.12223e-01
2.450e-01  1.34525e+00  7.12329e-01
2.455e-01  1.34296e+00  7.12433e-01
2.460e-01  1.34066e+00  7.12536e-01
2.465e-01  1.33836e+00  7.12638e-01
2.470e-01  1.33605e+00  7.12738e-01
2.475e-01  1.33375e+00  7.12837e-01
2.480e-01  1.33144e+00  7.12936e-01
2.485e-01  1.32913e+00  7.13033e-01
2.490e-01  1.32682e+00  7.13129e-01
2.495e-01  1.32451e+00  7.13224e-01
2.500e-01  1.32220e+00  7.13318e-01
2.505e-01  1.31989e+00  7.13411e-01
2.510e-01  1.31758e+00  7.13502e-01
2.515e-01  1.31526e+00  7.13593e-01
2.520e-01  1.31294e+00  7.13681e-01
2.525e-01  1.31062e+00  7.13769e-01
2.530e-01  1.30830e+00  7.13855e-01
2.535e-01  1.30598e+00  7.13941e-01
2.540e-01  1.30366e+00  7.14025e-01
2.545e-01  1.30133e+00  7.14108e-01
2.550e-01  1.29900e+00  7.14191e-01
2.555e-01  1.29667e+00  7.14272e-01
2.560e-01  1.29434e+00  7.14353e-01
2.565e-01  1.29201e+00  7.14433e-01
2.570e-01  1.28968e+00  7.14512e-01
2.575e-01  1.28735e+00  7.14590e-01
2.580e-01  1.28501e+00  7.14666e-01
2.585e-01  1.28267e+00  7.14742e-01
2.590e-01  1.28034e+00  7.14816e-01
2.595e-01  1.27800e+00  7.14890e-01
2.600e-01  1.27565e+00  7.14963e-01
2.605e-01  1.27331e+00  7.15035e-01
2.610e-01  1.27097e+00  7.15107e-01
2.615e-01  1.26862e+00  7.15179e-01
2.620e-01  1.26627e+00  7.15250e-01
2.625e-01  1.26393e+00  7.15320e-01
2.630e-01  1.26158e+00  7.15390e-01
2.635e-01  1.25922e+00  7.15459e-01
2.640e-01  1.25687e+00  7.15528e-01
2.645e-01  1.25452e+00  7.15595e-01
2.650e-01  1.25216e+00  7.15662e-01
2.655e-01  1.24980e+00  7.15728e-01
2.660e-01  1.24744e+00  7.15794e-01
2.665e-01  1.24508e+00  7.15858e-01
2.670e-01  1.24272e+00  7.15922e-01
2.675e-01  1.24035e+00  7.15986e-01
2.680e-01  1.23799e+00  7.16049e-01
2.685e-01  1.23562e+00  7.16113e-01
2.690e-01  1.23325e+00  7.16176e-01
2.695e-01  1.23089e+00  7.16239e-01
2.700e-01  1.22852e+00  7.16301e-01
2.705e-01  1.22615e+00  7.16363e-01
2.710e-01  1.22378e+00  7.16424e-01
2.715e-01  1.22140e+00  7.16485e-01
2.720e-01  1.21903e+00  7.16545e-01
2.725e-01  1.21665e+00  7.16605e-01
2.730e-01  1.21428e+00  7.16664e-01
2.735e-01  1.21190e+00  7.16723e-01
2.740e-01  1.20952e+00  7.16783e-01
2.745e-01  1.20714e+00  7.16842e-01
2.750e-01  1.20476e+00  7.16901e-01
2.755e-01  1.20237e+00  7.16960e-01
2.760e-01  1.19999e+00  7.17020e-01
2.765e-01  1.19760e+00  7.17079e-01
2.770e-01  1.19521e+00  7.17138e-01
2.775e-01  1.19282e+00  7.17197e-01
2.780e-01  1.19043e+00  7.17255e-01
2.785e-01  1.18804e+00  7.17313e-01
2.790e-01  1.18565e+00  7.17371e-01
2.795e-01  1.18325e+00  7.17428e-01
2.800e-01  1.18086e+00  7.17485e-01
2.805e-01  1.17846e+00  7.17542e-01
2.810e-01  1.17606e+00  7.17598e-01
2.815e-01  1.17367e+00  7.17655e-01
2.820e-01  1.17127e+00  7.17712e-01
2.825e-01  1.16886e+00  7.17769e-01
2.830e-01  1.16646e+00  7.17827e-01
2.835e-01  1.16406e+00  7.17884e-01
2.840e-01  1.16166e+00  7.17941e-01
2.845e-01  1.15925e+00  7.17998e-01
2.850e-01  1.15684e+00  7.18055e-01
2.855e-01  1.15444e+00  7.18111e-01
2.860e-01  1.15203e+00  7.18167e-01
2.865e-01  1.14962e+00  7.18222e-01
2.870e-01  1.14721e+00  7.18277e-01
2.875e-01  1.14480e+00  7.18332e-01
2.880e-01  1.14238e+00  7.18386e-01
2.885e-01  1.13997e+00  7.18441e-01
2.890e-01  1.13755e+00  7.18496e-01
2.895e-01  1.13514e+00  7.18551e-01
2.900e-01  1.13272e+00  7.18606e-01
2.905e-01  1.13030e+00  7.18661e-01
2.910e-01  1.12789e+00  7.18715e-01
2.915e-01  1.12547e+00  7.18770e-01
2.920e-01  1.12305e+00  7.18824e-01
2.925e-01  1.12063e+00  7.18877e-01
2.930e-01  1.11820e+00  7.18930e-01
2.935e-01  1.11578e+00  7.18982e-01
2.940e-01  1.11336e+00  7.19034e-01
2.945e-01  1.11093e+00  7.19085e-01
2.950e-01  1.10851e+00  7.19136e-01
2.955e-01  1.10608e+00  7.19187e-01
2.960e-01  1.10366e+00  7.19237e-01
2.965e-01  1.10123e+00  7.19288e-01
2.970e-01  1.09880e+00  7.19338e-01
2.975e-01  1.09637e+00  7.19389e-01
2.980e-01  1.09394e+00  7.19439e-01
2.985e-01  1.09151e+00  7.19488e-01
2.990e-01  1.08908e+00  7.19538e-01
2.995e-01  1.08665e+00  7.19587e-01
3.000e-01  1.08422e+00  7.19635e-01
3.005e-01  1.08179e+00  7.19683e-01
3.010e-01  1.07936e+00  7.19730e-01
3.015e-01  1.07692e+00  7.19777e-01
3.020e-01  1.07449e+00  7.19824e-01
3.025e-01  1.07205e+00  7.19870e-01
3.030e-01  1.06962e+00  7.19915e-01
3.035e-01  1.06718e+00  7.19961e-01
3.040e-01  1.06474e+00  7.20007e-01
3.045e-01  1.06231e+00  7.20052e-01
3.050e-01  1.05987e+00  7.20097e-01
3.055e-01  1.05743e+00  7.20143e-01
3.060e-01  1.05499e+00  7.20188e-01
3.065e-01  1.05255e+00  7.20234e-01
3.070e-01  1.05010e+00  7.20279e-01
3.075e-01  1.04766e+00  7.20324e-01
3.080e-01  1.04522e+00  7.20368e-01
3.085e-01  1.04277e+00  7.20412e-01
3.090e-01  1.04033e+00  7.20456e-01
3.095e-01  1.03789e+00  7.20499e-01
3.100e-01  1.03544e+00  7.20542e-01
3.105e-01  1.03300e+00  7.20584e-01
3.110e-01  1.03055e+00  7.20625e-01
3.115e-01  1.02811e+00  7.20666e-01
3.120e-01  1.02566e+00  7.20707e-01
3.125e-01  1.02322e+00  7.20747e-01
3.130e-01  1.02077e+00  7.20786e-01
3.135e-01  1.01833e+00  7.20826e-01
3.140e-01  1.01588e+00  7.20865e-01
3.145e-01  1.01343e+00  7.20904e-01
3.150e-01  1.01099e+00  7.20944e-01
3.155e-01  1.00854e+00  7.20983e-01
3.160e-01  1.00609e+00  7.21022e-01
3.165e-01  1.00364e+00  7.21061e-01
3.170e-01  1.00119e+00  7.21099e-01
3.175e-01  9.98738e-01  7.21138e-01
3.180e-01  9.96288e-01  7.21175e-01
3.185e-01  9.93837e-01  7.21212e-01
3.190e-01  9.91387e-01  7.21248e-01
3.195e-01  9.88936e-01  7.21284e-01
3.200e-01  9.86486e-01  7.21319e-01
3.205e-01  9.84035e-01  7.21353e-01
3.210e-01  9.81584e-01  7.21388e-01
3.215e-01  9.79133e-01  7.21422e-01
3.220e-01  9.76682e-01  7.21456e-01
3.225e-01  9.74230e-01  7.21490e-01
3.230e-01  9.71778e-01  7.21524e-01
3.235e-01  9.69326e-01  7.21558e-01
3.240e-01  9.66873e-01  7.21592e-01
3.245e-01  9.64419e-01  7.21627e-01
3.250e-01  9.61965e-01  7.21661e-01
3.255e-01  9.59511e-01  7.21695e-01
3.260e-01  9.57057e-01  7.21729e-01
3.265e-01  9.54602e-01  7.21763e-01
3.270e-01  9.52146e-01  7.21796e-01
3.275e-01  9.49691e-01  7.21830e-01
3.280e-01  9.47235e-01  7.21862e-01
3.285e-01  9.44779e-01  7.21895e-01
3.290e-01  9.42324e-01  7.21927e-01
3.295e-01  9.39868e-01  7.21958e-01
3.300e-01  9.37412e-01  7.21989e-01
3.305e-01  9.34957e-01  7.22020e-01
3.310e-01  9.32501e-01  7.22050e-01
3.315e-01  9.30046e-01  7.22080e-01
3.320e-01  9.27590e-01  7.22110e-01
3.325e-01  9.25135e-01  7.22140e-01
3.330e-01  9.22680e-01  7.22170e-01
3.335e-01  9.20225e-01  7.22200e-01
3.340e-01  9.17770e-01  7.22229e-01
3.345e-01  9.15314e-01  7.22259e-01
3.350e-01  9.12859e-01  7.22289e-01
3.355e-01  9.10403e-01  7.22318e-01
3.360e-01  9.07947e-01  7.22347e-01
3.365e-01  9.05491e-01  7.22376e-01
3.370e-01  9.03035e-01  7.22404e-01
3.375e-01  9.00578e-01  7.22432e-01
3.380e-01  8.98122e-01  7.22460e-01
3.385e-01  8.95665e-01  7.22487e-01
3.390e-01  8.93209e-01  7.22514e-01
3.395e-01  8.90753e-01  7.22541e-01
3.400e-01  8.88297e-01  7.22567e-01
3.405e-01  8.85841e-01  7.22593e-01
3.410e-01  8.83386e-01  7.22618e-01
3.415e-01  8.80931e-01  7.22644e-01
3.420e-01  8.78476e-01  7.22669e-01
3.425e-01  8.76021e-01  7.22693e-01
3.430e-01  8.73566e-01  7.22718e-01
3.435e-01  8.71112e-01  7.22743e-01
3.440e-01  8.68657e-01  7.22767e-01
3.445e-01  8.66202e-01  7.22792e-01
3.450e-01  8.63748e-01  7.22817e-01
3.455e-01  8.61293e-01  7.22842e-01
3.460e-01  8.58839e-01  7.22867e-01
3.465e-01  8.56384e-01  7.22892e-01
3.470e-01  8.53929e-01  7.22917e-01
3.475e-01  8.51475e-01  7.22943e-01
3.480e-01  8.49020e-01  7.22968e-01
3.485e-01  8.46565e-01  7.22993e-01
3.490e-01  8.44111e-01  7.23018e-01
3.495e-01  8.41656e-01  7.23042e-01
3.500e-01  8.39202e-01  7.23067e-01
3.505e-01  8.36748e-01  7.23091e-01
3.510e-01  8.34294e-01  7.23115e-01
3.515e-01  8.31841e-01  7.23138e-01
3.520e-01  8.29387e-01  7.23161e-01
3.525e-01  8.26935e-01  7.23183e-01
3.530e-01  8.24482e-01  7.23205e-01
3.535e-01  8.22030e-01  7.23227e-01
3.540e-01  8.19578e-01  7.23248e-01
3.545e-01  8.17127e-01  7.23270e-01
3.550e-01  8.14676e-01  7.23291e-01
3.555e-01  8.12225e-01  7.23313e-01
3.560e-01  8.09774e-01  7.23334e-01
3.565e-01  8.07324e-01  7.23356e-01
3.570e-01  8.04874e-01  7.23378e-01
3.575e-01  8.02424e-01  7.23400e-01
3.580e-01  7.99974e-01  7.23422e-01
3.585e-01  7.97524e-01  7.23444e-01
3.590e-01  7.95074e-01  7.23467e-01
3.595e-01  7.92624e-01  7.23489e-01
3.600e-01  7.90174e-01  7.23511e-01
3.605e-01  7.87724e-01  7.23533e-01
3.610e-01  7.85274e-01  7.23555e-01
3.615e-01  7.82824e-01  7.23576e-01
3.620e-01  7.80374e-01  7.23598e-01
3.625e-01  7.77925e-01  7.23619e-01
3.630e-01  7.75477e-01  7.23640e-01
3.635e-01  7.73030e-01  7.23660e-01
3.640e-01  7.70583e-01  7.23681e-01
3.645e-01  7.68137e-01  7.23701e-01
3.650e-01  7.65692e-01  7.23721e-01
3.655e-01  7.63247e-01  7.23741e-01
3.660e-01  7.60803e-01  7.23760e-01
3.665e-01  7.58359e-01  7.23780e-01
3.670e-01  7.55915e-01  7.23799e-01
3.675e-01  7.53472e-01  7.23819e-01
3.680e-01  7.51030e-01  7.23838e-01
3.685e-01  7.48587e-01  7.23857e-01
3.690e-01  7.46145e-01  7.23877e-01
3.695e-01  7.43702e-01  7.23896e-01
3.700e-01  7.41260e-01  7.23916e-01
3.705e-01  7.38818e-01  7.23935e-01
3.710e-01  7.36375e-01  7.23955e-01
3.715e-01  7.33934e-01  7.23975e-01
3.720e-01  7.31492e-01  7.23995e-01
3.725e-01  7.29051e-01  7.24014e-01
3.730e-01  7.26611e-01  7.24033e-01
3.735e-01  7.24172e-01  7.24052e-01
3.740e-01  7.21734e-01  7.24071e-01
3.745e-01  7.19296e-01  7.24089e-01
3.750e-01  7.16859e-01  7.24108e-01
3.755e-01  7.14422e-01  7.24126e-01
3.760e-01  7.11985e-01  7.24144e-01
3.765e-01  7.09549e-01  7.24163e-01
3.770e-01  7.07114e-01  7.24182e-01
3.775e-01  7.04678e-01  7.24200e-01
3.780e-01  7.02244e-01  7.24219e-01
3.785e-01  6.99809e-01  7.24238e-01
3.790e-01  6.97375e-01  7.24256e-01
3.795e-01  6.94941e-01  7.24274e-01
3.800e-01  6.92509e-01  7.24292e-01
3.805e-01  6.90076e-01  7.24309e-01
3.810e-01  6.87644e-01  7.24326e-01
3.815e-01  6.85213e-01  7.24343e-01
3.820e-01  6.82782e-01  7.24360e-01
3.825e-01  6.80352e-01  7.24376e-01
3.830e-01  6.77923e-01  7.24393e-01
3.835e-01  6.75494e-01  7.24410e-01
3.840e-01  6.73066e-01  7.24427e-01
3.845e-01  6.70638e-01  7.24444e-01
3.850e-01  6.68211e-01  7.24461e-01
3.855e-01  6.65785e-01  7.24479e-01
3.860e-01  6.63359e-01  7.24496e-01
3.865e-01  6.60934e-01  7.24513e-01
3.870e-01  6.58509e-01  7.24530e-01
3.875e-01  6.56084e-01  7.24547e-01
3.880e-01  6.53661e-01  7.24564e-01
3.885e-01  6.51237e-01  7.24581e-01
3.890e-01  6.48814e-01  7.24598e-01
3.895e-01  6.46392e-01  7.24614e-01
3.900e-01  6.43970e-01  7.24631e-01
3.905e-01  6.41549e-01  7.24647e-01
3.910e-01  6.39129e-01  7.24664e-01
3.915e-01  6.36710e-01  7.24680e-01
3.920e-01  6.34291e-01  7.24697e-01
3.925e-01  6.31873e-01  7.24714e-01
3.930e-01  6.29456e-01  7.24731e-01
3.935e-01  6.27040e-01  7.24748e-01
3.940e-01  6.24624e-01  7.24765e-01
3.945e-01  6.22208e-01  7.24782e-01
3.950e-01  6.19792e-01  7.24798e-01
3.955e-01  6.17377e-01  7.24815e-01
3.960e-01  6.14962e-01  7.24832e-01
3.965e-01  6.12547e-01  7.24848e-01
3.970e-01  6.10134e-01  7.24864e-01
3.975e-01  6.07721e-01  7.24881e-01
3.980e-01  6.05309e-01  7.24897e-01
3.985e-01  6.02897e-01  7.24912e-01
3.990e-01  6.00487e-01  7.24928e-01
3.995e-01  5.98078e-01  7.24944e-01
4.000e-01  5.95669e-01  7.24959e-01
4.005e-01  5.93262e-01  7.24975e-01
4.010e-01  5.90855e-01  7.24990e-01
4.015e-01  5.88448e-01  7.25005e-01
4.020e-01  5.86043e-01  7.25020e-01
4.025e-01  5.83638e-01  7.25036e-01
4.030e-01  5.81233e-01  7.25051e-01
4.035e-01  5.78830e-01  7.25066e-01
4.040e-01  5.76427e-01  7.25081e-01
4.045e-01  5.74025e-01  7.25096e-01
4.050e-01  5.71623e-01  7.25111e-01
4.055e-01  5.69222e-01  7.25127e-01
4.060e-01  5.66822e-01  7.25142e-01
4.065e-01  5.64422e-01  7.25157e-01
4.070e-01  5.62023e-01  7.25172e-01
4.075e-01  5.59625e-01  7.25188e-01
4.080e-01  5.57227e-01  7.25203e-01
4.085e-01  5.54831e-01  7.25218e-01
4.090e-01  5.52434e-01  7.25234e-01
4.095e-01  5.50039e-01  7.25249e-01
4.100e-01  5.47644e-01  7.25264e-01
4.105e-01  5.45250e-01  7.25279e-01
4.110e-01  5.42857e-01  7.25294e-01
4.115e-01  5.40465e-01  7.25309e-01
4.120e-01  5.38073e-01  7.25324e-01
4.125e-01  5.35682e-01  7.25339e-01
4.130e-01  5.33292e-01  7.25354e-01
4.135e-01  5.30902e-01  7.25369e-01
4.140e-01  5.28513e-01  7.25384e-01
4.145e-01  5.26125e-01  7.25399e-01
4.150e-01  5.23738e-01  7.25414e-01
4.155e-01  5.21351e-01  7.25429e-01
4.160e-01  5.18965e-01  7.25444e-01
4.165e-01  5.16579e-01  7.25459e-01
4.170e-01  5.14195e-01  7.25473e-01
4.175e-01  5.11811e-01  7.25488e-01
4.180e-01  5.09429e-01  7.25502e-01
4.185e-01  5.07047e-01  7.25516e-01
4.190e-01  5.04667e-01  7.25529e-01
4.195e-01  5.02287e-01  7.25543e-01
4.200e-01  4.99909e-01  7.25556e-01
4.205e-01  4.97531e-01  7.25570e-01
4.210e-01  4.95153e-01  7.25583e-01
4.215e-01  4.92777e-01  7.25597e-01
4.220e-01  4.90401e-01  7.25610e-01
4.225e-01  4.88025e-01  7.25624e-01
4.230e-01  4.85650e-01  7.25638e-01
4.235e-01  4.83276e-01  7.25652e-01
4.240e-01  4.80902e-01  7.25667e-01
4.245e-01  4.78528e-01  7.25682e-01
4.250e-01  4.76156e-01  7.25696e-01
4.255e-01  4.73784e-01  7.25711e-01
4.260e-01  4.71413e-01  7.25726e-01
4.265e-01  4.69043e-01  7.25740e-01
4.270e-01  4.66674e-01  7.25754e-01
4.275e-01  4.64307e-01  7.25767e-01
4.280e-01  4.61941e-01  7.25781e-01
4.285e-01  4.59576e-01  7.25794e-01
4.290e-01  4.57212e-01  7.25806e-01
4.295e-01  4.54849e-01  7.25819e-01
4.300e-01  4.52487e-01  7.25832e-01
4.305e-01  4.50125e-01  7.25845e-01
4.310e-01  4.47764e-01  7.25858e-01
4.315e-01  4.45403e-01  7.25871e-01
4.320e-01  4.43043e-01  7.25885e-01
4.325e-01  4.40683e-01  7.25899e-01
4.330e-01  4.38323e-01  7.25914e-01
4.335e-01  4.35964e-01  7.25928e-01
4.340e-01  4.33606e-01  7.25943e-01
4.345e-01  4.31249e-01  7.25958e-01
4.350e-01  4.28893e-01  7.25972e-01
4.355e-01  4.26539e-01  7.25986e-01
4.360e-01  4.24186e-01  7.26000e-01
4.365e-01  4.21834e-01  7.26013e-01
4.370e-01  4.19483e-01  7.26027e-01
4.375e-01  4.17132e-01  7.26040e-01
4.380e-01  4.14782e-01  7.26054e-01
4.385e-01  4.12433e-01  7.26068e-01
4.390e-01  4.10084e-01  7.26081e-01
4.395e-01  4.07736e-01  7.26095e-01
4.400e-01  4.05388e-01  7.26109e-01
4.405e-01  4.03042e-01  7.26123e-01
4.410e-01  4.00696e-01  7.26136e-01
4.415e-01  3.98352e-01  7.26150e-01
4.420e-01  3.96008e-01  7.26163e-01
4.425e-01  3.93666e-01  7.26177e-01
4.430e-01  3.91325e-01  7.26190e-01
4.435e-01  3.88984e-01  7.26203e-01
4.440e-01  3.86645e-01  7.26216e-01
4.445e-01  3.84307e-01  7.26229e-01
4.450e-01  3.81970e-01  7.26241e-01
4.455e-01  3.79633e-01  7.26254e-01
4.460e-01  3.77297e-01  7.26267e-01
4.465e-01  3.74963e-01  7.26279e-01
4.470e-01  3.72629e-01  7.26292e-01
4.475e-01  3.70296e-01  7.26305e-01
4.480e-01  3.67963e-01  7.26317e-01
4.485e-01  3.65632e-01  7.26330e-01
4.490e-01  3.63302e-01  7.26343e-01
4.495e-01  3.60972e-01  7.26355e-01
4.500e-01  3.58643e-01  7.26368e-01
4.505e-01  3.56315e-01  7.26381e-01
4.510e-01  3.53988e-01  7.26393e-01
4.515e-01  3.51662e-01  7.26406e-01
4.520e-01  3.49337e-01  7.26419e-01
4.525e-01  3.47013e-01  7.26432e-01
4.530e-01  3.44689e-01  7.26445e-01
4.535e-01  3.42367e-01  7.26458e-01
4.540e-01  3.40045e-01  7.26471e-01
4.545e-01  3.37724e-01  7.26484e-01
4.550e-01  3.35404e-01  7.26497e-01
4.555e-01  3.33084e-01  7.26511e-01
4.560e-01  3.30766e-01  7.26524e-01
4.565e-01  3.28448e-01  7.26537e-01
4.570e-01  3.26131e-01  7.26550e-01
4.575e-01  3.23815e-01  7.26564e-01
4.580e-01  3.21500e-01  7.26577e-01
4.585e-01  3.19186e-01  7.26590e-01
4.590e-01  3.16873e-01  7.26603e-01
4.595e-01  3.14561e-01  7.26616e-01
4.600e-01  3.12250e-01  7.26629e-01
4.605e-01  3.09940e-01  7.26642e-01
4.610e-01  3.07631e-01  7.26655e-01
4.615e-01  3.05323e-01  7.26668e-01
4.620e-01  3.03015e-01  7.26681e-01
4.625e-01  3.00709e-01  7.26694e-01
4.630e-01  2.98403e-01  7.26706e-01
4.635e-01  2.96099e-01  7.26719e-01
4.640e-01  2.93796e-01  7.26731e-01
4.645e-01  2.91493e-01  7.26744e-01
4.650e-01  2.89192e-01  7.26756e-01
4.655e-01  2.86892e-01  7.26768e-01
4.660e-01  2.84593e-01  7.26779e-01
4.665e-01  2.82295e-01  7.26791e-01
4.670e-01  2.79998e-01  7.26803e-01
4.675e-01  2.77701e-01  7.26814e-01
4.680e-01  2.75406e-01  7.26826e-01
4.685e-01  2.73112e-01  7.26838e-01
4.690e-01  2.70818e-01  7.26850e-01
4.695e-01  2.68525e-01  7.26862e-01
4.700e-01  2.66233e-01  7.26874e-01
4.705e-01  2.63941e-01  7.26887e-01
4.710e-01  2.61650e-01  7.26900e-01
4.715e-01  2.59360e-01  7.26913e-01
4.720e-01  2.57071e-01  7.26926e-01
4.725e-01  2.54783e-01  7.26939e-01
4.730e-01  2.52496e-01  7.26952e-01
4.735e-01  2.50210e-01  7.26964e-01
4.740e-01  2.47925e-01  7.26977e-01
4.745e-01  2.45641e-01  7.26989e-01
4.750e-01  2.43358e-01  7.27001e-01
4.755e-01  2.41077e-01  7.27013e-01
4.760e-01  2.38796e-01  7.27025e-01
4.765e-01  2.36517e-01  7.27037e-01
4.770e-01  2.34238e-01  7.27049e-01
4.775e-01  2.31961e-01  7.27061e-01
4.780e-01  2.29684e-01  7.27073e-01
4.785e-01  2.27408e-01  7.27085e-01
4.790e-01  2.25134e-01  7.27097e-01
4.795e-01  2.22860e-01  7.27110e-01
4.800e-01  2.20587e-01  7.27122e-01
4.805e-01  2.18315e-01  7.27135e-01
4.810e-01  2.16044e-01  7.27147e-01
4.815e-01  2.13774e-01  7.27160e-01
4.820e-01  2.11504e-01  7.27172e-01
4.825e-01  2.09236e-01  7.27184e-01
4.830e-01  2.06968e-01  7.27196e-01
4.835e-01  2.04701e-01  7.27209e-01
4.840e-01  2.02435e-01  7.27221e-01
4.845e-01  2.00170e-01  7.27233e-01
4.850e-01  1.97906e-01  7.27245e-01
4.855e-01  1.95643e-01  7.27258e-01
4.860e-01  1.93381e-01  7.27270e-01
4.865e-01  1.91119e-01  7.27282e-01
4.870e-01  1.88859e-01  7.27295e-01
4.875e-01  1.86600e-01  7.27307e-01
4.880e-01  1.84341e-01  7.27319e-01
4.885e-01  1.82084e-01  7.27331e-01
4.890e-01  1.79829e-01  7.27343e-01
4.895e-01  1.77574e-01  7.27354e-01
4.900e-01  1.75321e-01  7.27366e-01
4.905e-01  1.73068e-01  7.27377e-01
4.910e-01  1.70817e-01  7.27388e-01
4.915e-01  1.68566e-01  7.27400e-01
4.920e-01  1.66317e-01  7.27411e-01
4.925e-01  1.64068e-01  7.27422e-01
4.930e-01  1.61821e-01  7.27433e-01
4.935e-01  1.59574e-01  7.27445e-01
4.940e-01  1.57328e-01  7.27456e-01
4.945e-01  1.55083e-01  7.27468e-01
4.950e-01  1.52838e-01  7.27480e-01
4.955e-01  1.50594e-01  7.27492e-01
4.960e-01  1.48352e-01  7.27504e-01
4.965e-01  1.46110e-01  7.27517e-01
4.970e-01  1.43869e-01  7.27529e-01
4.975e-01  1.41630e-01  7.27541e-01
4.980e-01  1.39391e-01  7.27553e-01
4.985e-01  1.37154e-01  7.27565e-01
4.990e-01  1.34918e-01  7.27576e-01
4.995e-01  1.32683e-01  7.27588e-01
5.000e-01  1.30449e-01  7.27599e-01
5.005e-01  1.28217e-01  7.27611e-01
5.010e-01  1.25985e-01  7.27622e-01
5.015e-01  1.23754e-01  7.27633e-01
5.020e-01  1.21524e-01  7.27645e-01
5.025e-01  1.19295e-01  7.27657e-01
5.030e-01  1.17067e-01  7.27668e-01
5.035e-01  1.14839e-01  7.27680e-01
5.040e-01  1.12612e-01  7.27692e-01
5.045e-01  1.10386e-01  7.27705e-01
5.050e-01  1.08161e-01  7.27717e-01
5.055e-01  1.05937e-01  7.27729e-01
5.060e-01  1.03714e-01  7.27741e-01
5.065e-01  1.01492e-01  7.27754e-01
5.070e-01  9.92715e-02  7.27766e-01
5.075e-01  9.70517e-02  7.27778e-01
5.080e-01  9.48330e-02  7.27789e-01
5.085e-01  9.26154e-02  7.27801e-01
5.090e-01  9.03988e-02  7.27813e-01
5.095e-01  8.81832e-02  7.27825e-01
5.100e-01  8.59686e-02  7.27836e-01
5.105e-01  8.37551e-02  7.27848e-01
5.110e-01  8.15424e-02  7.27859e-01
5.115e-01  7.93307e-02  7.27871e-01
5.120e-01  7.71200e-02  7.27882e-01
5.125e-01  7.49102e-02  7.27894e-01
5.130e-01  7.27014e-02  7.27905e-01
5.135e-01  7.04936e-02  7.27917e-01
5.140e-01  6.82867e-02  7.27928e-01
5.145e-01  6.60809e-02  7.27940e-01
5.150e-01  6.38760e-02  7.27952e-01
5.155e-01  6.16721e-02  7.27963e-01
5.160e-01  5.94692e-02  7.27975e-01
5.165e-01  5.72673e-02  7.27987e-01
5.170e-01  5.50665e-02  7.27999e-01
5.175e-01  5.28666e-02  7.28011e-01
5.180e-01  5.06678e-02  7.28023e-01
5.185e-01  4.84699e-02  7.28036e-01
5.190e-01  4.62731e-02  7.28048e-01
5.195e-01  4.40772e-02  7.28060e-01
5.200e-01  4.18823e-02  7.28072e-01
5.205e-01  3.96884e-02  7.28084e-01
5.210e-01  3.74955e-02  7.28097e-01
5.215e-01  3.53035e-02  7.28109e-01
5.220e-01  3.31124e-02  7.28121e-01
5.225e-01  3.09221e-02  7.28133e-01
5.230e-01  2.87327e-02  7.28145e-01
5.235e-01  2.65441e-02  7.28158e-01
5.240e-01  2.43564e-02  7.28170e-01
5.245e-01  2.21696e-02  7.28182e-01
5.250e-01  1.99838e-02  7.28194e-01
5.255e-01  1.77990e-02  7.28206e-01
5.260e-01  1.56153e-02  7.28218e-01
5.265e-01  1.34327e-02  7.28229e-01
5.270e-01  1.12513e-02  7.28241e-01
5.275e-01  9.07103e-03  7.28253e-01
5.280e-01  6.89186e-03  7.28265e-01
5.285e-01  4.71380e-03  7.28276e-01
5.290e-01  2.53682e-03  7.28288e-01
5.295e-01  3.60914e-04  7.28299e-01
5.300e-01  -1.81393e-03  7.28311e-01
5.305e-01  -3.98773e-03  7.28323e-01
5.310e-01  -6.16050e-03  7.28334e-01
5.315e-01  -8.33226e-03  7.28346e-01
5.320e-01  -1.05030e-02  7.28358e-01
5.325e-01  -1.26728e-02  7.28369e-01
5.330e-01  -1.48416e-02  7.28381e-01
5.335e-01  -1.70094e-02  7.28393e-01
5.340e-01  -1.91764e-02  7.28405e-01
5.345e-01  -2.13424e-02  7.28416e-01
5.350e-01  -2.35075e-02  7.28428e-01
5.355e-01  -2.56717e-02  7.28440e-01
5.360e-01  -2.78350e-02  7.28452e-01
5.365e-01  -2.99974e-02  7.28464e-01
5.370e-01  -3.21590e-02  7.28475e-01
5.375e-01  -3.43195e-02  7.28487e-01
5.380e-01  -3.64791e-02  7.28499e-01
5.385e-01  -3.86377e-02  7.28511e-01
5.390e-01  -4.07953e-02  7.28522e-01
5.395e-01  -4.29519e-02  7.28534e-01
5.400e-01  -4.51074e-02  7.28546e-01
5.405e-01  -4.72619e-02  7.28557e-01
5.410e-01  -4.94152e-02  7.28569e-01
5.415e-01  -5.15676e-02  7.28580e-01
5.420e-01  -5.37189e-02  7.28591e-01
5.425e-01  -5.58691e-02  7.28603e-01
5.430e-01  -5.80183e-02  7.28614e-01
5.435e-01  -6.01665e-02  7.28625e-01
5.440e-01  -6.23137e-02  7.28636e-01
5.445e-01  -6.44598e-02  7.28648e-01
5.450e-01  -6.66049e-02  7.28659e-01
5.455e-01  -6.87490e-02  7.28670e-01
5.460e-01  -7.08920e-02  7.28682e-01
5.465e-01  -7.30341e-02  7.28693e-01
5.470e-01  -7.51752e-02  7.28705e-01
5.475e-01  -7.73154e-02  7.28716e-01
5.480e-01  -7.94546e-02  7.28728e-01
5.485e-01  -8.15928e-02  7.28739e-01
5.490e-01  -8.37302e-02  7.28751e-01
5.495e-01  -8.58666e-02  7.28763e-01
5.500e-01  -8.80022e-02  7.28774e-01
5.505e-01  -9.01368e-02  7.28786e-01
5.510e-01  -9.22706e-02  7.28798e-01
5.515e-01  -9.44036e-02  7.28810e-01
5.520e-01  -9.65356e-02  7.28822e-01
5.525e-01  -9.86667e-02  7.28834e-01
5.530e-01  -1.00797e-01  7.28846e-01
5.535e-01  -1.02926e-01  7.28858e-01
5.540e-01  -1.05054e-01  7.28870e-01
5.545e-01  -1.07181e-01  7.28882e-01
5.550e-01  -1.09307e-01  7.28894e-01
5.555e-01  -1.11432e-01  7.28906e-01
5.560e-01  -1.13557e-01  7.28918e-01
5.565e-01  -1.15679e-01  7.28930e-01
5.570e-01  -1.17801e-01  7.28942e-01
5.575e-01  -1.19922e-01  7.28954e-01
5.580e-01  -1.22042e-01  7.28965e-01
5.585e-01  -1.24161e-01  7.28977e-01
5.590e-01  -1.26278e-01  7.28988e-01
5.595e-01  -1.28395e-01  7.29000e-01
5.600e-01  -1.30511e-01  7.29011e-01
5.605e-01  -1.32626e-01  7.29022e-01
5.610e-01  -1.34739e-01  7.29033e-01
5.615e-01  -1.36852e-01  7.29044e-01
5.620e-01  -1.38964e-01  7.29055e-01
5.625e-01  -1.41074e-01  7.29066e-01
5.630e-01  -1.43184e-01  7.29077e-01
5.635e-01  -1.45293e-01  7.29088e-01
5.640e-01  -1.47401e-01  7.29099e-01
5.645e-01  -1.49508e-01  7.29110e-01
5.650e-01  -1.51615e-01  7.29121e-01
5.655e-01  -1.53720e-01  7.29132e-01
5.660e-01  -1.55824e-01  7.29143e-01
5.665e-01  -1.57928e-01  7.29155e-01
5.670e-01  -1.60030e-01  7.29166e-01
5.675e-01  -1.62132e-01  7.29178e-01
5.680e-01  -1.64232e-01  7.29189e-01
5.685e-01  -1.66332e-01  7.29201e-01
5.690e-01  -1.68431e-01  7.29212e-01
5.695e-01  -1.70528e-01  7.29224e-01
5.700e-01  -1.72625e-01  7.29236e-01
5.705e-01  -1.74721e-01  7.29247e-01
5.710e-01  -1.76815e-01  7.29259e-01
5.715e-01  -1.78909e-01  7.29271e-01
5.720e-01  -1.81002e-01  7.29282e-01
5.725e-01  -1.83094e-01  7.29294e-01
5.730e-01  -1.85185e-01  7.29305e-01
5.735e-01  -1.87275e-01  7.29317e-01
5.740e-01  -1.89363e-01  7.29328e-01
5.745e-01  -1.91451e-01  7.29339e-01
5.750e-01  -1.93538e-01  7.29351e-01
5.755e-01  -1.95624e-01  7.29362e-01
5.760e-01  -1.97709e-01  7.29373e-01
5.765e-01  -1.99793e-01  7.29384e-01
5.770e-01  -2.01876e-01  7.29395e-01
5.775e-01  -2.03958e-01  7.29405e-01
5.780e-01  -2.06039e-01  7.29416e-01
5.785e-01  -2.08119e-01  7.29427e-01
5.790e-01  -2.10197e-01  7.29438e-01
5.795e-01  -2.12275e-01  7.29448e-01
5.800e-01  -2.14352e-01  7.29459e-01
5.805e-01  -2.16428e-01  7.29470e-01
5.810e-01  -2.18504e-01  7.29481e-01
5.815e-01  -2.20578e-01  7.29492e-01
5.820e-01  -2.22651e-01  7.29503e-01
5.825e-01  -2.24723e-01  7.29514e-01
5.830e-01  -2.26795e-01  7.29525e-01
5.835e-01  -2.28866e-01  7.29537e-01
5.840e-01  -2.30935e-01  7.29548e-01
5.845e-01  -2.33004e-01  7.29559e-01
5.850e-01  -2.35072e-01  7.29570e-01
5.855e-01  -2.37139e-01  7.29581e-01
5.860e-01  -2.39205e-01  7.29591e-01
5.865e-01  -2.41270e-01  7.29602e-01
5.870e-01  -2.43334e-01  7.29612e-01
5.875e-01  -2.45396e-01  7.29622e-01
5.880e-01  -2.47458e-01  7.29633e-01
5.885e-01  -2.49519e-01  7.29643e-01
5.890e-01  -2.51578e-01  7.29653e-01
5.895e-01  -2.53637e-01  7.29663e-01
5.900e-01  -2.55694e-01  7.29673e-01
5.905e-01  -2.57750e-01  7.29682e-01
5.910e-01  -2.59805e-01  7.29692e-01
5.915e-01  -2.61859e-01  7.29702e-01
5.920e-01  -2.63912e-01  7.29712e-01
5.925e-01  -2.65965e-01  7.29722e-01
5.930e-01  -2.68016e-01  7.29731e-01
5.935e-01  -2.70066e-01  7.29741e-01
5.940e-01  -2.72116e-01  7.29750e-01
5.945e-01  -2.74165e-01  7.29760e-01
5.950e-01  -2.76213e-01  7.29770e-01
5.955e-01  -2.78260e-01  7.29779e-01
5.960e-01  -2.80306e-01  7.29788e-01
5.965e-01  -2.82351e-01  7.29798e-01
5.970e-01  -2.84395e-01  7.29807e-01
5.975e-01  -2.86439e-01  7.29817e-01
5.980e-01  -2.88481e-01  7.29826e-01
5.985e-01  -2.90523e-01  7.29836e-01
5.990e-01  -2.92563e-01  7.29845e-01
5.995e-01  -2.94603e-01  7.29854e-01
6.000e-01  -2.96641e-01  7.29864e-01
6.005e-01  -2.98679e-01  7.29873e-01
6.010e-01  -3.00715e-01  7.29882e-01
6.015e-01  -3.02750e-01  7.29891e-01
6.020e-01  -3.04784e-01  7.29900e-01
6.025e-01  -3.06817e-01  7.29909e-01
6.030e-01  -3.08849e-01  7.29918e-01
6.035e-01  -3.10880e-01  7.29926e-01
6.040e-01  -3.12910e-01  7.29934e-01
6.045e-01  -3.14939e-01  7.29943e-01
6.050e-01  -3.16967e-01  7.29951e-01
6.055e-01  -3.18993e-01  7.29959e-01
6.060e-01  -3.21019e-01  7.29967e-01
6.065e-01  -3.23044e-01  7.29975e-01
6.070e-01  -3.25068e-01  7.29982e-01
6.075e-01  -3.27091e-01  7.29990e-01
6.080e-01  -3.29113e-01  7.29997e-01
6.085e-01  -3.31135e-01  7.30005e-01
6.090e-01  -3.33155e-01  7.30012e-01
6.095e-01  -3.35174e-01  7.30019e-01
6.100e-01  -3.37192e-01  7.30027e-01
6.105e-01  -3.39209e-01  7.30034e-01
6.110e-01  -3.41225e-01  7.30041e-01
6.115e-01  -3.43241e-01  7.30048e-01
6.120e-01  -3.45255e-01  7.30055e-01
6.125e-01  -3.47268e-01  7.30062e-01
6.130e-01  -3.49281e-01  7.30069e-01
6.135e-01  -3.51292e-01  7.30076e-01
6.140e-01  -3.53303e-01  7.30083e-01
6.145e-01  -3.55313e-01  7.30090e-01
6.150e-01  -3.57322e-01  7.30096e-01
6.155e-01  -3.59330e-01  7.30103e-01
6.160e-01  -3.61337e-01  7.30110e-01
6.165e-01  -3.63343e-01  7.30116e-01
6.170e-01  -3.65347e-01  7.30123e-01
6.175e-01  -3.67351e-01  7.30129e-01
6.180e-01  -3.69354e-01  7.30135e-01
6.185e-01  -3.71356e-01  7.30141e-01
6.190e-01  -3.73356e-01  7.30147e-01
6.195e-01  -3.75355e-01  7.30153e-01
6.200e-01  -3.77353e-01  7.30158e-01
6.205e-01  -3.79351e-01  7.30164e-01
6.210e-01  -3.81347e-01  7.30170e-01
6.215e-01  -3.83341e-01  7.30175e-01
6.220e-01  -3.85335e-01  7.30180e-01
6.225e-01  -3.87328e-01  7.30186e-01
6.230e-01  -3.89320e-01  7.30191e-01
6.235e-01  -3.91311e-01  7.30196e-01
6.240e-01  -3.93300e-01  7.30201e-01
6.245e-01  -3.95289e-01  7.30206e-01
6.250e-01  -3.97277e-01  7.30211e-01
6.255e-01  -3.99264e-01  7.30216e-01
6.260e-01  -4.01250e-01  7.30221e-01
6.265e-01  -4.03235e-01  7.30226e-01
6.270e-01  -4.05220e-01  7.30231e-01
6.275e-01  -4.07203e-01  7.30236e-01
6.280e-01  -4.09185e-01  7.30241e-01
6.285e-01  -4.11167e-01  7.30246e-01
6.290e-01  -4.13147e-01  7.30251e-01
6.295e-01  -4.15126e-01  7.30257e-01
6.300e-01  -4.17104e-01  7.30262e-01
6.305e-01  -4.19081e-01  7.30267e-01
6.310e-01  -4.21057e-01  7.30273e-01
6.315e-01  -4.23031e-01  7.30279e-01
6.320e-01  -4.25004e-01  7.30284e-01
6.325e-01  -4.26977e-01  7.30290e-01
6.330e-01  -4.28948e-01  7.30296e-01
6.335e-01  -4.30919e-01  7.30302e-01
6.340e-01  -4.32889e-01  7.30308e-01
6.345e-01  -4.34858e-01  7.30314e-01
6.350e-01  -4.36826e-01  7.30320e-01
6.355e-01  -4.38793e-01  7.30326e-01
6.360e-01  -4.40759e-01  7.30333e-01
6.365e-01  -4.42723e-01  7.30339e-01
6.370e-01  -4.44687e-01  7.30346e-01
6.375e-01  -4.46650e-01  7.30353e-01
6.380e-01  -4.48612e-01  7.30360e-01
6.385e-01  -4.50573e-01  7.30368e-01
6.390e-01  -4.52533e-01  7.30376e-01
6.395e-01  -4.54492e-01  7.30384e-01
6.400e-01  -4.56450e-01  7.30393e-01
6.405e-01  -4.58408e-01  7.30402e-01
6.410e-01  -4.60365e-01  7.30411e-01
6.415e-01  -4.62320e-01  7.30420e-01
6.420e-01  -4.64275e-01  7.30430e-01
6.425e-01  -4.66228e-01  7.30440e-01
6.430e-01  -4.68180e-01  7.30450e-01
6.435e-01  -4.70131e-01  7.30462e-01
6.440e-01  -4.72081e-01  7.30474e-01
6.445e-01  -4.74030e-01  7.30486e-01
6.450e-01  -4.75978e-01  7.30499e-01
6.455e-01  -4.77926e-01  7.30512e-01
6.460e-01  -4.79873e-01  7.30526e-01
6.465e-01  -4.81819e-01  7.30540e-01
6.470e-01  -4.83764e-01  7.30555e-01
6.475e-01  -4.85707e-01  7.30571e-01
6.480e-01  -4.87650e-01  7.30587e-01
6.485e-01  -4.89591e-01  7.30605e-01
6.490e-01  -4.91532e-01  7.30623e-01
6.495e-01  -4.93471e-01  7.30642e-01
6.500e-01  -4.95410e-01  7.30662e-01
6.505e-01  -4.97348e-01  7.30682e-01
6.510e-01  -4.99285e-01  7.30704e-01
6.515e-01  -5.01222e-01  7.30727e-01
6.520e-01  -5.03157e-01  7.30750e-01
6.525e-01  -5.05091e-01  7.30775e-01
6.530e-01  -5.07024e-01  7.30801e-01
6.535e-01  -5.08955e-01  7.30828e-01
6.540e-01  -5.10885e-01  7.30856e-01
6.545e-01  -5.12815e-01  7.30885e-01
6.550e-01  -5.14745e-01  7.30915e-01
6.555e-01  -5.16675e-01  7.30946e-01
6.560e-01  -5.18605e-01  7.30979e-01
6.565e-01  -5.20533e-01  7.31014e-01
6.570e-01  -5.22458e-01  7.31050e-01
6.575e-01  -5.24381e-01  7.31087e-01
6.580e-01  -5.26305e-01  7.31126e-01
6.585e-01  -5.28230e-01  7.31166e-01
6.590e-01  -5.30154e-01  7.31207e-01
6.595e-01  -5.32075e-01  7.31250e-01
6.600e-01  -5.33994e-01  7.31295e-01
6.605e-01  -5.35914e-01  7.31341e-01
6.610e-01  -5.37833e-01  7.31389e-01
6.615e-01  -5.39752e-01  7.31439e-01
6.620e-01  -5.41669e-01  7.31491e-01
6.625e-01  -5.43585e-01  7.31544e-01
6.630e-01  -5.45501e-01  7.31600e-01
6.635e-01  -5.47417e-01  7.31658e-01
6.640e-01  -5.49332e-01  7.31717e-01
6.645e-01  -5.51245e-01  7.31778e-01
6.650e-01  -5.53157e-01  7.31841e-01
6.655e-01  -5.55069e-01  7.31907e-01
6.660e-01  -5.56980e-01  7.31975e-01
6.665e-01  -5.58890e-01  7.32045e-01
6.670e-01  -5.60798e-01  7.32117e-01
6.675e-01  -5.62705e-01  7.32191e-01
6.680e-01  -5.64611e-01  7.32268e-01
6.685e-01  -5.66517e-01  7.32347e-01
6.690e-01  -5.68423e-01  7.32429e-01
6.695e-01  -5.70329e-01  7.32513e-01
6.700e-01  -5.72233e-01  7.32600e-01
6.705e-01  -5.74136e-01  7.32689e-01
6.710e-01  -5.76038e-01  7.32780e-01
6.715e-01  -5.77939e-01  7.32874e-01
6.720e-01  -5.79839e-01  7.32970e-01
6.725e-01  -5.81739e-01  7.33070e-01
6.730e-01  -5.83638e-01  7.33172e-01
6.735e-01  -5.85537e-01  7.33276e-01
6.740e-01  -5.87434e-01  7.33383e-01
6.745e-01  -5.89330e-01  7.33492e-01
6.750e-01  -5.91225e-01  7.33604e-01
6.755e-01  -5.93120e-01  7.33719e-01
6.760e-01  -5.95016e-01  7.33837e-01
6.765e-01  -5.96910e-01  7.33957e-01
6.770e-01  -5.98801e-01  7.34079e-01
6.775e-01  -6.00691e-01  7.34204e-01
6.780e-01  -6.02584e-01  7.34331e-01
6.785e-01  -6.04475e-01  7.34461e-01
6.790e-01  -6.06363e-01  7.34594e-01
6.795e-01  -6.08250e-01  7.34729e-01
6.800e-01  -6.10140e-01  7.34867e-01
6.805e-01  -6.12028e-01  7.35006e-01
6.810e-01  -6.13914e-01  7.35148e-01
6.815e-01  -6.15796e-01  7.35292e-01
6.820e-01  -6.17681e-01  7.35439e-01
6.825e-01  -6.19566e-01  7.35588e-01
6.830e-01  -6.21446e-01  7.35738e-01
6.835e-01  -6.23327e-01  7.35890e-01
6.840e-01  -6.25209e-01  7.36045e-01
6.845e-01  -6.27089e-01  7.36203e-01
6.850e-01  -6.28968e-01  7.36362e-01
6.855e-01  -6.30845e-01  7.36523e-01
6.860e-01  -6.32718e-01  7.36685e-01
6.865e-01  -6.34592e-01  7.36850e-01
6.870e-01  -6.36470e-01  7.37017e-01
6.875e-01  -6.38343e-01  7.37186e-01
6.880e-01  -6.40210e-01  7.37355e-01
6.885e-01  -6.42081e-01  7.37528e-01
6.890e-01  -6.43950e-01  7.37702e-01
6.895e-01  -6.45817e-01  7.37878e-01
6.900e-01  -6.47683e-01  7.38056e-01
6.905e-01  -6.49549e-01  7.38235e-01
6.910e-01  -6.51412e-01  7.38416e-01
6.915e-01  -6.53276e-01  7.38599e-01
6.920e-01  -6.55137e-01  7.38785e-01
6.925e-01  -6.56995e-01  7.38972e-01
6.930e-01  -6.58852e-01  7.39159e-01
6.935e-01  -6.60709e-01  7.39350e-01
6.940e-01  -6.62561e-01  7.39541e-01
6.945e-01  -6.64416e-01  7.39735e-01
6.950e-01  -6.66266e-01  7.39930e-01
6.955e-01  -6.68116e-01  7.40128e-01
6.960e-01  -6.69965e-01  7.40326e-01
6.965e-01  -6.71811e-01  7.40527e-01
6.970e-01  -6.73654e-01  7.40729e-01
6.975e-01  -6.75494e-01  7.40933e-01
6.980e-01  -6.77337e-01  7.41138e-01
6.985e-01  -6.79174e-01  7.41346e-01
6.990e-01  -6.81010e-01  7.41555e-01
6.995e-01  -6.82845e-01  7.41765e-01
7.000e-01  -6.84678e-01  7.41977e-01
7.005e-01  -6.86508e-01  7.42191e-01
7.010e-01  -6.88335e-01  7.42407e-01
7.015e-01  -6.90159e-01  7.42624e-01
7.020e-01  -6.91986e-01  7.42843e-01
7.025e-01  -6.93804e-01  7.43063e-01
7.030e-01  -6.95625e-01  7.43285e-01
7.035e-01  -6.97440e-01  7.43509e-01
7.040e-01  -6.99254e-01  7.43735e-01
7.045e-01  -7.01066e-01  7.43963e-01
7.050e-01  -7.02873e-01  7.44191e-01
7.055e-01  -7.04678e-01  7.44422e-01
7.060e-01  -7.06484e-01  7.44655e-01
7.065e-01  -7.08285e-01  7.44889e-01
7.070e-01  -7.10081e-01  7.45125e-01
7.075e-01  -7.11875e-01  7.45361e-01
7.080e-01  -7.13666e-01  7.45601e-01
7.085e-01  -7.15457e-01  7.45842e-01
7.090e-01  -7.17243e-01  7.46085e-01
7.095e-01  -7.19023e-01  7.46330e-01
7.100e-01  -7.20804e-01  7.46577e-01
7.105e-01  -7.22578e-01  7.46825e-01
7.110e-01  -7.24351e-01  7.47075e-01
7.115e-01  -7.26122e-01  7.47327e-01
7.120e-01  -7.27884e-01  7.47582e-01
7.125e-01  -7.29648e-01  7.47838e-01
7.130e-01  -7.31404e-01  7.48096e-01
7.135e-01  -7.33159e-01  7.48356e-01
7.140e-01  -7.34910e-01  7.48620e-01
7.145e-01  -7.36655e-01  7.48885e-01
7.150e-01  -7.38400e-01  7.49155e-01
7.155e-01  -7.40138e-01  7.49427e-01
7.160e-01  -7.41872e-01  7.49701e-01
7.165e-01  -7.43602e-01  7.49976e-01
7.170e-01  -7.45325e-01  7.50250e-01
7.175e-01  -7.47042e-01  7.50519e-01
7.180e-01  -7.48750e-01  7.50779e-01
7.185e-01  -7.50450e-01  7.51031e-01
7.190e-01  -7.52146e-01  7.51285e-01
7.195e-01  -7.53766e-01  7.51308e-01
7.200e-01  -7.55381e-01  7.51306e-01
7.205e-01  -7.56997e-01  7.51306e-01
7.210e-01  -7.58616e-01  7.51306e-01
7.215e-01  -7.60237e-01  7.51306e-01
7.220e-01  -7.61859e-01  7.51306e-01
7.225e-01  -7.63482e-01  7.51306e-01
7.230e-01  -7.65109e-01  7.51306e-01
7.235e-01  -7.66738e-01  7.51306e-01
7.240e-01  -7.68367e-01  7.51306e-01
7.245e-01  -7.70000e-01  7.51306e-01
7.250e-01  -7.71634e-01  7.51306e-01
7.255e-01  -7.73271e-01  7.51306e-01
7.260e-01  -7.74910e-01  7.51306e-01
7.265e-01  -7.76548e-01  7.51306e-01
7.270e-01  -7.78191e-01  7.51306e-01
7.275e-01  -7.79836e-01  7.51306e-01
7.280e-01  -7.81481e-01  7.51306e-01
7.285e-01  -7.83131e-01  7.51306e-01
7.290e-01  -7.84780e-01  7.51306e-01
7.295e-01  -7.86433e-01  7.51306e-01
7.300e-01  -7.88089e-01  7.51306e-01
7.305e-01  -7.89745e-01  7.51306e-01
7.310e-01  -7.91402e-01  7.51306e-01
7.315e-01  -7.93062e-01  7.51306e-01
7.320e-01  -7.94725e-01  7.51306e-01
7.325e-01  -7.96391e-01  7.51306e-01
7.330e-01  -7.98058e-01  7.51306e-01
7.335e-01  -7.99729e-01  7.51306e-01
7.340e-01  -8.01401e-01  7.51306e-01
7.345e-01  -8.03074e-01  7.51306e-01
7.350e-01  -8.04750e-01  7.51306e-01
7.355e-01  -8.06428e-01  7.51306e-01
7.360e-01  -8.08107e-01  7.51306e-01
7.365e-01  -8.09789e-01  7.51306e-01
7.370e-01  -8.11473e-01  7.51306e-01
7.375e-01  -8.13160e-01  7.51306e-01
7.380e-01  -8.14850e-01  7.51306e-01
7.385e-01  -8.16541e-01  7.51306e-01
7.390e-01  -8.18234e-01  7.51306e-01
7.395e-01  -8.19929e-01  7.51306e-01
7.400e-01  -8.21627e-01  7.51306e-01
7.405e-01  -8.23327e-01  7.51306e-01
7.410e-01  -8.25030e-01  7.51306e-01
7.415e-01  -8.26735e-01  7.51306e-01
7.420e-01  -8.28443e-01  7.51306e-01
7.425e-01  -8.30152e-01  7.51306e-01
7.430e-01  -8.31863e-01  7.51306e-01
7.435e-01  -8.33576e-01  7.51306e-01
7.440e-01  -8.35293e-01  7.51306e-01
7.445e-01  -8.37012e-01  7.51306e-01
7.450e-01  -8.38735e-01  7.51306e-01
7.455e-01  -8.40459e-01  7.51306e-01
7.460e-01  -8.42184e-01  7.51306e-01
7.465e-01  -8.43911e-01  7.51306e-01
7.470e-01  -8.45641e-01  7.51306e-01
7.475e-01  -8.47375e-01  7.51306e-01
7.480e-01  -8.49111e-01  7.51306e-01
7.485e-01  -8.50849e-01  7.51306e-01
7.490e-01  -8.52589e-01  7.51306e-01
7.495e-01  -8.54331e-01  7.51306e-01
7.500e-01  -8.56075e-01  7.51306e-01
7.505e-01  -8.57823e-01  7.51306e-01
7.510e-01  -8.59573e-01  7.51306e-01
7.515e-01  -8.61326e-01  7.51306e-01
7.520e-01  -8.63082e-01  7.51306e-01
7.525e-01  -8.64841e-01  7.51306e-01
7.530e-01  -8.66602e-01  7.51306e-01
7.535e-01  -8.68366e-01  7.51306e-01
7.540e-01  -8.70131e-01  7.51306e-01
7.545e-01  -8.71899e-01  7.51306e-01
7.550e-01  -8.73668e-01  7.51306e-01
7.555e-01  -8.75441e-01  7.51306e-01
7.560e-01  -8.77217e-01  7.51306e-01
7.565e-01  -8.78996e-01  7.51306e-01
7.570e-01  -8.80777e-01  7.51306e-01
7.575e-01  -8.82560e-01  7.51306e-01
7.580e-01  -8.84346e-01  7.51306e-01
7.585e-01  -8.86135e-01  7.51306e-01
7.590e-01  -8.87928e-01  7.51306e-01
7.595e-01  -8.89724e-01  7.51306e-01
7.600e-01  -8.91523e-01  7.51306e-01
7.605e-01  -8.93322e-01  7.51306e-01
7.610e-01  -8.95123e-01  7.51306e-01
7.615e-01  -8.96928e-01  7.51306e-01
7.620e-01  -8.98735e-01  7.51306e-01
7.625e-01  -9.00546e-01  7.51306e-01
7.630e-01  -9.02361e-01  7.51306e-01
7.635e-01  -9.04178e-01  7.51306e-01
7.640e-01  -9.05997e-01  7.51306e-01
7.645e-01  -9.07820e-01  7.51306e-01
7.650e-01  -9.09645e-01  7.51306e-01
7.655e-01  -9.11472e-01  7.51306e-01
7.660e-01  -9.13303e-01  7.51306e-01
7.665e-01  -9.15137e-01  7.51306e-01
7.670e-01  -9.16974e-01  7.51306e-01
7.675e-01  -9.18815e-01  7.51306e-01
7.680e-01  -9.20658e-01  7.51306e-01
7.685e-01  -9.22503e-01  7.51306e-01
7.690e-01  -9.24351e-01  7.51306e-01
7.695e-01  -9.26202e-01  7.51306e-01
7.700e-01  -9.28056e-01  7.51306e-01
7.705e-01  -9.29914e-01  7.51306e-01
7.710e-01  -9.31774e-01  7.51306e-01
7.715e-01  -9.33637e-01  7.51306e-01
7.720e-01  -9.35503e-01  7.51306e-01
7.725e-01  -9.37372e-01  7.51306e-01
7.730e-01  -9.39244e-01  7.51306e-01
7.735e-01  -9.41120e-01  7.51306e-01
7.740e-01  -9.42999e-01  7.51306e-01
7.745e-01  -9.44882e-01  7.51306e-01
7.750e-01  -9.46767e-01  7.51306e-01
7.755e-01  -9.48655e-01  7.51306e-01
7.760e-01  -9.50546e-01  7.51306e-01
7.765e-01  -9.52440e-01  7.51306e-01
7.770e-01  -9.54338e-01  7.51306e-01
7.775e-01  -9.56239e-01  7.51306e-01
7.780e-01  -9.58143e-01  7.51306e-01
7.785e-01  -9.60050e-01  7.51306e-01
7.790e-01  -9.61960e-01  7.51306e-01
7.795e-01  -9.63873e-01  7.51306e-01
7.800e-01  -9.65789e-01  7.51306e-01
7.805e-01  -9.67710e-01  7.51306e-01
7.810e-01  -9.69634e-01  7.51306e-01
7.815e-01  -9.71561e-01  7.51306e-01
7.820e-01  -9.73492e-01  7.51306e-01
7.825e-01  -9.75426e-01  7.51306e-01
7.830e-01  -9.77363e-01  7.51306e-01
7.835e-01  -9.79304e-01  7.51306e-01
7.840e-01  -9.81249e-01  7.51306e-01
7.845e-01  -9.83197e-01  7.51306e-01
7.850e-01  -9.85148e-01  7.51306e-01
7.855e-01  -9.87103e-01  7.51306e-01
7.860e-01  -9.89061e-01  7.51306e-01
7.865e-01  -9.91022e-01  7.51306e-01
7.870e-01  -9.92987e-01  7.51306e-01
7.875e-01  -9.94956e-01  7.51306e-01
7.880e-01  -9.96928e-01  7.51306e-01
7.885e-01  -9.98904e-01  7.51306e-01
7.890e-01  -1.00088e+00  7.51306e-01
7.895e-01  -1.00287e+00  7.51306e-01
7.900e-01  -1.00485e+00  7.51306e-01
7.905e-01  -1.00684e+00  7.51306e-01
7.910e-01  -1.00883e+00  7.51306e-01
7.915e-01  -1.01083e+00  7.51306e-01
7.920e-01  -1.01283e+00  7.51306e-01
7.925e-01  -1.01484e+00  7.51306e-01
7.930e-01  -1.01684e+00  7.51306e-01
7.935e-01  -1.01886e+00  7.51306e-01
7.940e-01  -1.02087e+00  7.51306e-01
7.945e-01  -1.02289e+00  7.51306e-01
7.950e-01  -1.02491e+00  7.51306e-01
7.955e-01  -1.02694e+00  7.51306e-01
7.960e-01  -1.02898e+00  7.51306e-01
7.965e-01  -1.03102e+00  7.51306e-01
7.970e-01  -1.03306e+00  7.51306e-01
7.975e-01  -1.03510e+00  7.51306e-01
7.980e-01  -1.03715e+00  7.51306e-01
7.985e-01  -1.03920e+00  7.51306e-01
7.990e-01  -1.04125e+00  7.51306e-01
7.995e-01  -1.04331e+00  7.51306e-01
8.000e-01  -1.04538e+00  7.51306e-01
8.005e-01  -1.04744e+00  7.51306e-01
8.010e-01  -1.04952e+00  7.51306e-01
8.015e-01  -1.05159e+00  7.51306e-01
8.020e-01  -1.05367e+00  7.51306e-01
8.025e-01  -1.05576e+00  7.51306e-01
8.030e-01  -1.05785e+00  7.51306e-01
8.035e-01  -1.05994e+00  7.51306e-01
8.040e-01  -1.06203e+00  7.51306e-01
8.045e-01  -1.06414e+00  7.51306e-01
8.050e-01  -1.06624e+00  7.51306e-01
8.055e-01  -1.06835e+00  7.51306e-01
8.060e-01  -1.07047e+00  7.51306e-01
8.065e-01  -1.07259e+00  7.51306e-01
8.070e-01  -1.07471e+00  7.51306e-01
8.075e-01  -1.07683e+00  7.51306e-01
8.080e-01  -1.07896e+00  7.51306e-01
8.085e-01  -1.08110e+00  7.51306e-01
8.090e-01  -1.08324e+00  7.51306e-01
8.095e-01  -1.08538e+00  7.51306e-01
8.100e-01  -1.08753e+00  7.51306e-01
8.105e-01  -1.08969e+00  7.51306e-01
8.110e-01  -1.09185e+00  7.51306e-01
8.115e-01  -1.09401e+00  7.51306e-01
8.120e-01  -1.09618e+00  7.51306e-01
8.125e-01  -1.09835e+00  7.51306e-01
8.130e-01  -1.10053e+00  7.51306e-01
8.135e-01  -1.10271e+00  7.51306e-01
8.140e-01  -1.10490e+00  7.51306e-01
8.145e-01  -1.10709e+00  7.51306e-01
8.150e-01  -1.10929e+00  7.51306e-01
8.155e-01  -1.11149e+00  7.51306e-01
8.160e-01  -1.11369e+00  7.51306e-01
8.165e-01  -1.11590e+00  7.51306e-01
8.170e-01  -1.11812e+00  7.51306e-01
8.175e-01  -1.12034e+00  7.51306e-01
8.180e-01  -1.12257e+00  7.51306e-01
8.185e-01  -1.12480e+00  7.51306e-01
8.190e-01  -1.12704e+00  7.51306e-01
8.195e-01  -1.12928e+00  7.51306e-01
8.200e-01  -1.13153e+00  7.51306e-01
8.205e-01  -1.13378e+00  7.51306e-01
8.210e-01  -1.13603e+00  7.51306e-01
8.215e-01  -1.13829e+00  7.51306e-01
8.220e-01  -1.14056e+00  7.51306e-01
8.225e-01  -1.14282e+00  7.51306e-01
8.230e-01  -1.14510e+00  7.51306e-01
8.235e-01  -1.14738e+00  7.51306e-01
8.240e-01  -1.14967e+00  7.51306e-01
8.245e-01  -1.15196e+00  7.51306e-01
8.250e-01  -1.15426e+00  7.51306e-01
8.255e-01  -1.15656e+00  7.51306e-01
8.260e-01  -1.15887e+00  7.51306e-01
8.265e-01  -1.16118e+00  7.51306e-01
8.270e-01  -1.16350e+00  7.51306e-01
8.275e-01  -1.16583e+00  7.51306e-01
8.280e-01  -1.16816e+00  7.51306e-01
8.285e-01  -1.17049e+00  7.51306e-01
8.290e-01  -1.17283e+00  7.51306e-01
8.295e-01  -1.17518e+00  7.51306e-01
8.300e-01  -1.17754e+00  7.51306e-01
8.305e-01  -1.17991e+00  7.51306e-01
8.310e-01  -1.18227e+00  7.51306e-01
8.315e-01  -1.18464e+00  7.51306e-01
8.320e-01  -1.18702e+00  7.51306e-01
8.325e-01  -1.18940e+00  7.51306e-01
8.330e-01  -1.19179e+00  7.51306e-01
8.335e-01  -1.19419e+00  7.51306e-01
8.340e-01  -1.19659e+00  7.51306e-01
8.345e-01  -1.19899e+00  7.51306e-01
8.350e-01  -1.20141e+00  7.51306e-01
8.355e-01  -1.20383e+00  7.51306e-01
8.360e-01  -1.20625e+00  7.51306e-01
8.365e-01  -1.20868e+00  7.51306e-01
8.370e-01  -1.21112e+00  7.51306e-01
8.375e-01  -1.21357e+00  7.51306e-01
8.380e-01  -1.21602e+00  7.51306e-01
8.385e-01  -1.21848e+00  7.51306e-01
8.390e-01  -1.22094e+00  7.51306e-01
8.395e-01  -1.22341e+00  7.51306e-01
8.400e-01  -1.22588e+00  7.51306e-01
8.405e-01  -1.22837e+00  7.51306e-01
8.410e-01  -1.23086e+00  7.51306e-01
8.415e-01  -1.23335e+00  7.51306e-01
8.420e-01  -1.23586e+00  7.51306e-01
8.425e-01  -1.23837e+00  7.51306e-01
8.430e-01  -1.24089e+00  7.51306e-01
8.435e-01  -1.24341e+00  7.51306e-01
8.440e-01  -1.24594e+00  7.51306e-01
8.445e-01  -1.24848e+00  7.51306e-01
8.450e-01  -1.25102e+00  7.51306e-01
8.455e-01  -1.25357e+00  7.51306e-01
8.460e-01  -1.25613e+00  7.51306e-01
8.465e-01  -1.25870e+00  7.51306e-01
8.470e-01  -1.26127e+00  7.51306e-01
8.475e-01  -1.26386e+00  7.51306e-01
8.480e-01  -1.26644e+00  7.51306e-01
8.485e-01  -1.26904e+00  7.51306e-01
8.490e-01  -1.27164e+00  7.51306e-01
8.495e-01  -1.27425e+00  7.51306e-01
8.500e-01  -1.27686e+00  7.51306e-01
8.505e-01  -1.27949e+00  7.51306e-01
8.510e-01  -1.28212e+00  7.51306e-01
8.515e-01  -1.28476e+00  7.51306e-01
8.520e-01  -1.28741e+00  7.51306e-01
8.525e-01  -1.29006e+00  7.51306e-01
8.530e-01  -1.29272e+00  7.51306e-01
8.535e-01  -1.29539e+00  7.51306e-01
8.540e-01  -1.29807e+00  7.51306e-01
8.545e-01  -1.30076e+00  7.51306e-01
8.550e-01  -1.30345e+00  7.51306e-01
8.555e-01  -1.30615e+00  7.51306e-01
8.560e-01  -1.30886e+00  7.51306e-01
8.565e-01  -1.31158e+00  7.51306e-01
8.570e-01  -1.31431e+00  7.51306e-01
8.575e-01  -1.31705e+00  7.51306e-01
8.580e-01  -1.31979e+00  7.51306e-01
8.585e-01  -1.32255e+00  7.51306e-01
8.590e-01  -1.32531e+00  7.51306e-01
8.595e-01  -1.32808e+00  7.51306e-01
8.600e-01  -1.33086e+00  7.51306e-01
8.605e-01  -1.33365e+00  7.51306e-01
8.610e-01  -1.33645e+00  7.51306e-01
8.615e-01  -1.33925e+00  7.51306e-01
8.620e-01  -1.34206e+00  7.51306e-01
8.625e-01  -1.34489e+00  7.51306e-01
8.630e-01  -1.34772e+00  7.51306e-01
8.635e-01  -1.35056e+00  7.51306e-01
8.640e-01  -1.35341e+00  7.51306e-01
8.645e-01  -1.35627e+00  7.51306e-01
8.650e-01  -1.35914e+00  7.51306e-01
8.655e-01  -1.36201e+00  7.51306e-01
8.660e-01  -1.36490e+00  7.51306e-01
8.665e-01  -1.36780e+00  7.51306e-01
8.670e-01  -1.37070e+00  7.51306e-01
8.675e-01  -1.37362e+00  7.51306e-01
8.680e-01  -1.37654e+00  7.51306e-01
8.685e-01  -1.37948e+00  7.51306e-01
8.690e-01  -1.38243e+00  7.51306e-01
8.695e-01  -1.38539e+00  7.51306e-01
8.700e-01  -1.38836e+00  7.51306e-01
8.705e-01  -1.39134e+00  7.51306e-01
8.710e-01  -1.39432e+00  7.51306e-01
8.715e-01  -1.39732e+00  7.51306e-01
8.720e-01  -1.40033e+00  7.51306e-01
8.725e-01  -1.40335e+00  7.51306e-01
8.730e-01  -1.40638e+00  7.51306e-01
8.735e-01  -1.40942e+00  7.51306e-01
8.740e-01  -1.41247e+00  7.51306e-01
8.745e-01  -1.41553e+00  7.51306e-01
8.750e-01  -1.41860e+00  7.51306e-01
8.755e-01  -1.42169e+00  7.51306e-01
8.760e-01  -1.42479e+00  7.51306e-01
8.765e-01  -1.42789e+00  7.51306e-01
8.770e-01  -1.43101e+00  7.51306e-01
8.775e-01  -1.43414e+00  7.51306e-01
8.780e-01  -1.43728e+00  7.51306e-01
8.785e-01  -1.44043e+00  7.51306e-01
8.790e-01  -1.44359e+00  7.51306e-01
8.795e-01  -1.44677e+00  7.51306e-01
8.800e-01  -1.44996e+00  7.51306e-01
8.805e-01  -1.45316e+00  7.51306e-01
8.810e-01  -1.45637e+00  7.51306e-01
8.815e-01  -1.45960e+00  7.51306e-01
8.820e-01  -1.46284e+00  7.51306e-01
8.825e-01  -1.46609e+00  7.51306e-01
8.830e-01  -1.46935e+00  7.51306e-01
8.835e-01  -1.47262e+00  7.51306e-01
8.840e-01  -1.47591e+00  7.51306e-01
8.845e-01  -1.47921e+00  7.51306e-01
8.850e-01  -1.48252e+00  7.51306e-01
8.855e-01  -1.48585e+00  7.51306e-01
8.860e-01  -1.48919e+00  7.51306e-01
8.865e-01  -1.49255e+00  7.51306e-01
8.870e-01  -1.49592e+00  7.51306e-01
8.875e-01  -1.49931e+00  7.51306e-01
8.880e-01  -1.50270e+00  7.51306e-01
8.885e-01  -1.50611e+00  7.51306e-01
8.890e-01  -1.50953e+00  7.51306e-01
8.895e-01  -1.51297e+00  7.51306e-01
8.900e-01  -1.51642e+00  7.51306e-01
8.905e-01  -1.51990e+00  7.51306e-01
8.910e-01  -1.52338e+00  7.51306e-01
8.915e-01  -1.52688e+00  7.51306e-01
8.920e-01  -1.53039e+00  7.51306e-01
8.925e-01  -1.53391e+00  7.51306e-01
8.930e-01  -1.53745e+00  7.51306e-01
8.935e-01  -1.54101e+00  7.51306e-01
8.940e-01  -1.54459e+00  7.51306e-01
8.945e-01  -1.54818e+00  7.51306e-01
8.950e-01  -1.55178e+00  7.51306e-01
8.955e-01  -1.55540e+00  7.51306e-01
8.960e-01  -1.55904e+00  7.51306e-01
8.965e-01  -1.56270e+00  7.51306e-01
8.970e-01  -1.56637e+00  7.51306e-01
8.975e-01  -1.57006e+00  7.51306e-01
8.980e-01  -1.57376e+00  7.51306e-01
8.985e-01  -1.57748e+00  7.51306e-01
8.990e-01  -1.58122e+00  7.51306e-01
8.995e-01  -1.58497e+00  7.51306e-01
9.000e-01  -1.58875e+00  7.51306e-01
9.005e-01  -1.59254e+00  7.51306e-01
9.010e-01  -1.59635e+00  7.51306e-01
9.015e-01  -1.60018e+00  7.51306e-01
9.020e-01  -1.60402e+00  7.51306e-01
9.025e-01  -1.60789e+00  7.51306e-01
9.030e-01  -1.61178e+00  7.51306e-01
9.035e-01  -1.61568e+00  7.51306e-01
9.040e-01  -1.61960e+00  7.51306e-01
9.045e-01  -1.62354e+00  7.51306e-01
9.050e-01  -1.62750e+00  7.51306e-01
9.055e-01  -1.63148e+00  7.51306e-01
9.060e-01  -1.63548e+00  7.51306e-01
9.065e-01  -1.63950e+00  7.51306e-01
9.070e-01  -1.64354e+00  7.51306e-01
9.075e-01  -1.64761e+00  7.51306e-01
9.080e-01  -1.65169e+00  7.51306e-01
9.085e-01  -1.65580e+00  7.51306e-01
9.090e-01  -1.65993e+00  7.51306e-01
9.095e-01  -1.66408e+00  7.51306e-01
9.100e-01  -1.66825e+00  7.51306e-01
9.105e-01  -1.67244e+00  7.51306e-01
9.110e-01  -1.67665e+00  7.51306e-01
9.115e-01  -1.68089e+00  7.51306e-01
9.120e-01  -1.68516e+00  7.51306e-01
9.125e-01  -1.68945e+00  7.51306e-01
9.130e-01  -1.69376e+00  7.51306e-01
9.135e-01  -1.69809e+00  7.51306e-01
9.140e-01  -1.70245e+00  7.51306e-01
9.145e-01  -1.70683e+00  7.51306e-01
9.150e-01  -1.71123e+00  7.51306e-01
9.155e-01  -1.71567e+00  7.51306e-01
9.160e-01  -1.72013e+00  7.51306e-01
9.165e-01  -1.72461e+00  7.51306e-01
9.170e-01  -1.72912e+00  7.51306e-01
9.175e-01  -1.73365e+00  7.51306e-01
9.180e-01  -1.73822e+00  7.51306e-01
9.185e-01  -1.74281e+00  7.51306e-01
9.190e-01  -1.74743e+00  7.51306e-01
9.195e-01  -1.75208e+00  7.51306e-01
9.200e-01  -1.75675e+00  7.51306e-01
9.205e-01  -1.76146e+00  7.51306e-01
9.210e-01  -1.76619e+00  7.51306e-01
9.215e-01  -1.77095e+00  7.51306e-01
9.220e-01  -1.77575e+00  7.51306e-01
9.225e-01  -1.78057e+00  7.51306e-01
9.230e-01  -1.78543e+00  7.51306e-01
9.235e-01  -1.79031e+00  7.51306e-01
9.240e-01  -1.79522e+00  7.51306e-01
9.245e-01  -1.80017e+00  7.51306e-01
9.250e-01  -1.80516e+00  7.51306e-01
9.255e-01  -1.81017e+00  7.51306e-01
9.260e-01  -1.81522e+00  7.51306e-01
9.265e-01  -1.82031e+00  7.51306e-01
9.270e-01  -1.82543e+00  7.51306e-01
9.275e-01  -1.83058e+00  7.51306e-01
9.280e-01  -1.83577e+00  7.51306e-01
9.285e-01  -1.84099e+00  7.51306e-01
9.290e-01  -1.84625e+00  7.51306e-01
9.295e-01  -1.85155e+00  7.51306e-01
9.300e-01  -1.85689e+00  7.51306e-01
9.305e-01  -1.86227e+00  7.51306e-01
9.310e-01  -1.86768e+00  7.51306e-01
9.315e-01  -1.87314e+00  7.51306e-01
9.320e-01  -1.87863e+00  7.51306e-01
9.325e-01  -1.88416e+00  7.51306e-01
9.330e-01  -1.88974e+00  7.51306e-01
9.335e-01  -1.89536e+00  7.51306e-01
9.340e-01  -1.90103e+00  7.51306e-01
9.345e-01  -1.90674e+00  7.51306e-01
9.350e-01  -1.91249e+00  7.51306e-01
9.355e-01  -1.91829e+00  7.51306e-01
9.360e-01  -1.92413e+00  7.51306e-01
9.365e-01  -1.93002e+00  7.51306e-01
9.370e-01  -1.93596e+00  7.51306e-01
9.375e-01  -1.94194e+00  7.51306e-01
9.380e-01  -1.94798e+00  7.51306e-01
9.385e-01  -1.95406e+00  7.51306e-01
9.390e-01  -1.96020e+00  7.51306e-01
9.395e-01  -1.96638e+00  7.51306e-01
9.400e-01  -1.97262e+00  7.51306e-01
9.405e-01  -1.97891e+00  7.51306e-01
9.410e-01  -1.98525e+00  7.51306e-01
9.415e-01  -1.99167e+00  7.51306e-01
9.420e-01  -1.99814e+00  7.51306e-01
9.425e-01  -2.00466e+00  7.51306e-01
9.430e-01  -2.01123e+00  7.51306e-01
9.435e-01  -2.01788e+00  7.51306e-01
9.440e-01  -2.02458e+00  7.51306e-01
9.445e-01  -2.03134e+00  7.51306e-01
9.450e-01  -2.03817e+00  7.51306e-01
9.455e-01  -2.04508e+00  7.51306e-01
9.460e-01  -2.05204e+00  7.51306e-01
9.465e-01  -2.05907e+00  7.51306e-01
9.470e-01  -2.06617e+00  7.51306e-01
9.475e-01  -2.07333e+00  7.51306e-01
9.480e-01  -2.08058e+00  7.51306e-01
9.485e-01  -2.08790e+00  7.51306e-01
9.490e-01  -2.09530e+00  7.51306e-01
9.495e-01  -2.10276e+00  7.51306e-01
9.500e-01  -2.11031e+00  7.51306e-01
9.505e-01  -2.11794e+00  7.51306e-01
9.510e-01  -2.12566e+00  7.51306e-01
9.515e-01  -2.13346e+00  7.51306e-01
9.520e-01  -2.14135e+00  7.51306e-01
9.525e-01  -2.14933e+00  7.51306e-01
9.530e-01  -2.15740e+00  7.51306e-01
9.535e-01  -2.16556e+00  7.51306e-01
9.540e-01  -2.17382e+00  7.51306e-01
9.545e-01  -2.18218e+00  7.51306e-01
9.550e-01  -2.19063e+00  7.51306e-01
9.555e-01  -2.19921e+00  7.51306e-01
9.560e-01  -2.20788e+00  7.51306e-01
9.565e-01  -2.21665e+00  7.51306e-01
9.570e-01  -2.22553e+00  7.51306e-01
9.575e-01  -2.23454e+00  7.51306e-01
9.580e-01  -2.24367e+00  7.51306e-01
9.585e-01  -2.25291e+00  7.51306e-01
9.590e-01  -2.26228e+00  7.51306e-01
9.595e-01  -2.27177e+00  7.51306e-01
9.600e-01  -2.28139e+00  7.51306e-01
9.605e-01  -2.29117e+00  7.51306e-01
9.610e-01  -2.30107e+00  7.51306e-01
9.615e-01  -2.31111e+00  7.51306e-01
9.620e-01  -2.32131e+00  7.51306e-01
9.625e-01  -2.33166e+00  7.51306e-01
9.630e-01  -2.34217e+00  7.51306e-01
9.635e-01  -2.35286e+00  7.51306e-01
9.640e-01  -2.36368e+00  7.51306e-01
9.645e-01  -2.37472e+00  7.51306e-01
9.650e-01  -2.38590e+00  7.51306e-01
9.655e-01  -2.39729e+00  7.51306e-01
9.660e-01  -2.40887e+00  7.51306e-01
9.665e-01  -2.42064e+00  7.51306e-01
9.670e-01  -2.43264e+00  7.51306e-01
9.675e-01  -2.44483e+00  7.51306e-01
9.680e-01  -2.45726e+00  7.51306e-01
9.685e-01  -2.46992e+00  7.51306e-01
9.690e-01  -2.48283e+00  7.51306e-01
9.695e-01  -2.49597e+00  7.51306e-01
9.700e-01  -2.50935e+00  7.51306e-01
9.705e-01  -2.52305e+00  7.51306e-01
9.710e-01  -2.53700e+00  7.51306e-01
9.715e-01  -2.55123e+00  7.51306e-01
9.720e-01  -2.56578e+00  7.51306e-01
9.725e-01  -2.58065e+00  7.51306e-01
9.730e-01  -2.59585e+00  7.51306e-01
9.735e-01  -2.61138e+00  7.51306e-01
9.740e-01  -2.62727e+00  7.51306e-01
9.745e-01  -2.64357e+00  7.51306e-01
9.750e-01  -2.66020e+00  7.51306e-01
9.755e-01  -2.67728e+00  7.51306e-01
9.760e-01  -2.69478e+00  7.51306e-01
9.765e-01  -2.71270e+00  7.51306e-01
9.770e-01  -2.73110e+00  7.51306e-01
9.775e-01  -2.74992e+00  7.51306e-01
9.780e-01  -2.76931e+00  7.51306e-01
9.785e-01  -2.78919e+00  7.51306e-01
9.790e-01  -2.80960e+00  7.51306e-01
9.795e-01  -2.83055e+00  7.51306e-01
9.800e-01  -2.85214e+00  7.51306e-01
9.805e-01  -2.87427e+00  7.51306e-01
9.810e-01  -2.89707e+00  7.51306e-01
9.815e-01  -2.92056e+00  7.51306e-01
9.820e-01  -2.94478e+00  7.51306e-01
9.825e-01  -2.96967e+00  7.51306e-01
9.830e-01  -2.99537e+00  7.51306e-01
9.835e-01  -3.02196e+00  7.51306e-01
9.840e-01  -3.04943e+00  7.51306e-01
9.845e-01  -3.07795e+00  7.51306e-01
9.850e-01  -3.10751e+00  7.51306e-01
9.855e-01  -3.13835e+00  7.51306e-01
9.860e-01  -3.17057e+00  7.51306e-01
9.865e-01  -3.20430e+00  7.51306e-01
9.870e-01  -3.23981e+00  7.51306e-01
9.875e-01  -3.27724e+00  7.51306e-01
9.880e-01  -3.31693e+00  7.51306e-01
9.885e-01  -3.35901e+00  7.51306e-01
9.890e-01  -3.40403e+00  7.51306e-01
9.895e-01  -3.45227e+00  7.51306e-01
9.900e-01  -3.50392e+00  7.51306e-01
9.905e-01  -3.55964e+00  7.51306e-01
9.910e-01  -3.61980e+00  7.51306e-01
9.915e-01  -3.68488e+00  7.51306e-01
9.920e-01  -3.75545e+00  7.51306e-01
9.925e-01  -3.83206e+00  7.51306e-01
9.930e-01  -3.91531e+00  7.51306e-01
9.935e-01  -4.00617e+00  7.51306e-01
9.940e-01  -4.10536e+00  7.51306e-01
9.945e-01  -4.21433e+00  7.51306e-01
9.950e-01  -4.33457e+00  7.51306e-01
9.955e-01  -4.46730e+00  7.51306e-01
9.960e-01  -4.61465e+00  7.51306e-01
9.965e-01  -4.77881e+00  7.51306e-01
9.970e-01  -4.96248e+00  7.51306e-01
9.975e-01  -5.16857e+00  7.51306e-01
9.980e-01  -5.40169e+00  7.51306e-01
9.985e-01  -5.66819e+00  7.51306e-01
9.990e-01  -5.97627e+00  7.51306e-01
9.995e-01  -6.33713e+00  7.51306e-01
1.000e+00  -6.76719e+00  7.51306e-01
