# Magnus solar model B23-GS98
#
# Reference:  Y. Herrera and A. Serenelli, "Standard Solar Models B23 / SF-III", Zenodo, v1.2 (2023), doi:10.5281/zenodo.10822316; solar composition Grevesse & Sauval (1998), Space Sci. Rev., 85, 161
# Source:     https://zenodo.org/records/10822316/files/SolarModels_ICE2023_v1.2.zip
# Original:   SolarModels/struct+nu_SF3_GS98.dat
# Retrieved:  2026-09-23
# SHA-256:    382037d76ed35c9b50a4094d3ada3c90284af025c3235b49cda9d932699f87d0 (of SolarModels_ICE2023_v1.2.zip)
# Terms:      Creative Commons Attribution 4.0 International (CC-BY-4.0).
# Modified:   columns extracted only -- radius [R_sun], log10_rho_g_per_cm3, hydrogen mass fraction X --
#             each value copied from the original as written; nothing recomputed or rounded.
#             Built by tools/build_solar_model_tables.py.
# density_column: log10_rho_g_per_cm3
#
# The original header follows, as the authors wrote it:
#
#    #     R_sun        mass_sun           L_sun            logR            logT            logP          logRho          Csound              dm           nu_pp          nu_pep          nu_hep          nu_7Be           nu_8B          nu_13N          nu_15O          nu_17F          log_ne              H1             He4             He3             C12             C13             N14             N15             O16             O17             O18              Ne              Na              Mg              Al              Si               P               S              Cl              Ar               K              Ca              Sc              Ti               V              Cr              Mn              Fe              Co              Ni
#
# r_over_r_sun  log10_rho_g_per_cm3  x_hydrogen
0.000e+00  2.17563e+00  3.47784e-01
5.000e-04  2.17560e+00  3.47818e-01
1.000e-03  2.17557e+00  3.47840e-01
1.500e-03  2.17555e+00  3.47856e-01
2.000e-03  2.17550e+00  3.47898e-01
2.500e-03  2.17543e+00  3.47958e-01
3.000e-03  2.17534e+00  3.48035e-01
3.500e-03  2.17523e+00  3.48129e-01
4.000e-03  2.17511e+00  3.48238e-01
4.500e-03  2.17498e+00  3.48362e-01
5.000e-03  2.17482e+00  3.48501e-01
5.500e-03  2.17465e+00  3.48654e-01
6.000e-03  2.17446e+00  3.48824e-01
6.500e-03  2.17426e+00  3.49007e-01
7.000e-03  2.17403e+00  3.49204e-01
7.500e-03  2.17380e+00  3.49417e-01
8.000e-03  2.17354e+00  3.49645e-01
8.500e-03  2.17328e+00  3.49887e-01
9.000e-03  2.17299e+00  3.50144e-01
9.500e-03  2.17269e+00  3.50414e-01
1.000e-02  2.17238e+00  3.50700e-01
1.050e-02  2.17204e+00  3.50999e-01
1.100e-02  2.17169e+00  3.51314e-01
1.150e-02  2.17132e+00  3.51643e-01
1.200e-02  2.17094e+00  3.51985e-01
1.250e-02  2.17054e+00  3.52341e-01
1.300e-02  2.17013e+00  3.52713e-01
1.350e-02  2.16971e+00  3.53097e-01
1.400e-02  2.16926e+00  3.53497e-01
1.450e-02  2.16880e+00  3.53910e-01
1.500e-02  2.16832e+00  3.54337e-01
1.550e-02  2.16783e+00  3.54778e-01
1.600e-02  2.16733e+00  3.55233e-01
1.650e-02  2.16680e+00  3.55701e-01
1.700e-02  2.16627e+00  3.56184e-01
1.750e-02  2.16571e+00  3.56679e-01
1.800e-02  2.16515e+00  3.57188e-01
1.850e-02  2.16457e+00  3.57712e-01
1.900e-02  2.16398e+00  3.58248e-01
1.950e-02  2.16336e+00  3.58797e-01
2.000e-02  2.16273e+00  3.59359e-01
2.050e-02  2.16209e+00  3.59936e-01
2.100e-02  2.16143e+00  3.60525e-01
2.150e-02  2.16076e+00  3.61127e-01
2.200e-02  2.16008e+00  3.61741e-01
2.250e-02  2.15938e+00  3.62369e-01
2.300e-02  2.15865e+00  3.63009e-01
2.350e-02  2.15793e+00  3.63663e-01
2.400e-02  2.15719e+00  3.64327e-01
2.450e-02  2.15643e+00  3.65006e-01
2.500e-02  2.15565e+00  3.65696e-01
2.550e-02  2.15487e+00  3.66398e-01
2.600e-02  2.15407e+00  3.67113e-01
2.650e-02  2.15326e+00  3.67841e-01
2.700e-02  2.15243e+00  3.68579e-01
2.750e-02  2.15159e+00  3.69330e-01
2.800e-02  2.15073e+00  3.70093e-01
2.850e-02  2.14986e+00  3.70867e-01
2.900e-02  2.14899e+00  3.71653e-01
2.950e-02  2.14809e+00  3.72450e-01
3.000e-02  2.14718e+00  3.73259e-01
3.050e-02  2.14626e+00  3.74078e-01
3.100e-02  2.14533e+00  3.74910e-01
3.150e-02  2.14439e+00  3.75751e-01
3.200e-02  2.14342e+00  3.76605e-01
3.250e-02  2.14245e+00  3.77468e-01
3.300e-02  2.14146e+00  3.78343e-01
3.350e-02  2.14047e+00  3.79228e-01
3.400e-02  2.13946e+00  3.80123e-01
3.450e-02  2.13844e+00  3.81028e-01
3.500e-02  2.13741e+00  3.81945e-01
3.550e-02  2.13636e+00  3.82871e-01
3.600e-02  2.13530e+00  3.83806e-01
3.650e-02  2.13423e+00  3.84752e-01
3.700e-02  2.13315e+00  3.85707e-01
3.750e-02  2.13206e+00  3.86673e-01
3.800e-02  2.13096e+00  3.87648e-01
3.850e-02  2.12984e+00  3.88632e-01
3.900e-02  2.12871e+00  3.89625e-01
3.950e-02  2.12758e+00  3.90627e-01
4.000e-02  2.12643e+00  3.91639e-01
4.050e-02  2.12527e+00  3.92659e-01
4.100e-02  2.12409e+00  3.93687e-01
4.150e-02  2.12291e+00  3.94726e-01
4.200e-02  2.12172e+00  3.95771e-01
4.250e-02  2.12052e+00  3.96825e-01
4.300e-02  2.11931e+00  3.97887e-01
4.350e-02  2.11809e+00  3.98958e-01
4.400e-02  2.11685e+00  4.00037e-01
4.450e-02  2.11560e+00  4.01124e-01
4.500e-02  2.11435e+00  4.02218e-01
4.550e-02  2.11308e+00  4.03319e-01
4.600e-02  2.11181e+00  4.04429e-01
4.650e-02  2.11052e+00  4.05545e-01
4.700e-02  2.10922e+00  4.06668e-01
4.750e-02  2.10791e+00  4.07798e-01
4.800e-02  2.10659e+00  4.08934e-01
4.850e-02  2.10528e+00  4.10079e-01
4.900e-02  2.10395e+00  4.11229e-01
4.950e-02  2.10260e+00  4.12386e-01
5.000e-02  2.10125e+00  4.13549e-01
5.050e-02  2.09989e+00  4.14718e-01
5.100e-02  2.09852e+00  4.15893e-01
5.150e-02  2.09714e+00  4.17075e-01
5.200e-02  2.09576e+00  4.18262e-01
5.250e-02  2.09436e+00  4.19455e-01
5.300e-02  2.09296e+00  4.20653e-01
5.350e-02  2.09155e+00  4.21857e-01
5.400e-02  2.09013e+00  4.23066e-01
5.450e-02  2.08870e+00  4.24280e-01
5.500e-02  2.08727e+00  4.25500e-01
5.550e-02  2.08583e+00  4.26725e-01
5.600e-02  2.08437e+00  4.27953e-01
5.650e-02  2.08291e+00  4.29186e-01
5.700e-02  2.08145e+00  4.30424e-01
5.750e-02  2.07998e+00  4.31667e-01
5.800e-02  2.07850e+00  4.32913e-01
5.850e-02  2.07701e+00  4.34164e-01
5.900e-02  2.07551e+00  4.35419e-01
5.950e-02  2.07402e+00  4.36677e-01
6.000e-02  2.07251e+00  4.37939e-01
6.050e-02  2.07100e+00  4.39205e-01
6.100e-02  2.06947e+00  4.40475e-01
6.150e-02  2.06794e+00  4.41748e-01
6.200e-02  2.06641e+00  4.43024e-01
6.250e-02  2.06487e+00  4.44303e-01
6.300e-02  2.06332e+00  4.45585e-01
6.350e-02  2.06177e+00  4.46871e-01
6.400e-02  2.06022e+00  4.48159e-01
6.450e-02  2.05865e+00  4.49450e-01
6.500e-02  2.05707e+00  4.50742e-01
6.550e-02  2.05550e+00  4.52038e-01
6.600e-02  2.05392e+00  4.53336e-01
6.650e-02  2.05232e+00  4.54636e-01
6.700e-02  2.05073e+00  4.55938e-01
6.750e-02  2.04913e+00  4.57242e-01
6.800e-02  2.04752e+00  4.58547e-01
6.850e-02  2.04591e+00  4.59855e-01
6.900e-02  2.04430e+00  4.61164e-01
6.950e-02  2.04267e+00  4.62475e-01
7.000e-02  2.04104e+00  4.63788e-01
7.050e-02  2.03941e+00  4.65101e-01
7.100e-02  2.03778e+00  4.66415e-01
7.150e-02  2.03614e+00  4.67730e-01
7.200e-02  2.03449e+00  4.69047e-01
7.250e-02  2.03284e+00  4.70364e-01
7.300e-02  2.03119e+00  4.71682e-01
7.350e-02  2.02953e+00  4.73000e-01
7.400e-02  2.02786e+00  4.74319e-01
7.450e-02  2.02619e+00  4.75638e-01
7.500e-02  2.02452e+00  4.76957e-01
7.550e-02  2.02284e+00  4.78277e-01
7.600e-02  2.02115e+00  4.79597e-01
7.650e-02  2.01947e+00  4.80917e-01
7.700e-02  2.01778e+00  4.82236e-01
7.750e-02  2.01609e+00  4.83555e-01
7.800e-02  2.01439e+00  4.84875e-01
7.850e-02  2.01269e+00  4.86193e-01
7.900e-02  2.01098e+00  4.87510e-01
7.950e-02  2.00927e+00  4.88827e-01
8.000e-02  2.00755e+00  4.90143e-01
8.050e-02  2.00584e+00  4.91459e-01
8.100e-02  2.00412e+00  4.92773e-01
8.150e-02  2.00239e+00  4.94086e-01
8.200e-02  2.00066e+00  4.95398e-01
8.250e-02  1.99893e+00  4.96709e-01
8.300e-02  1.99720e+00  4.98018e-01
8.350e-02  1.99546e+00  4.99326e-01
8.400e-02  1.99371e+00  5.00633e-01
8.450e-02  1.99196e+00  5.01937e-01
8.500e-02  1.99022e+00  5.03240e-01
8.550e-02  1.98847e+00  5.04542e-01
8.600e-02  1.98672e+00  5.05841e-01
8.650e-02  1.98496e+00  5.07138e-01
8.700e-02  1.98320e+00  5.08433e-01
8.750e-02  1.98143e+00  5.09726e-01
8.800e-02  1.97967e+00  5.11017e-01
8.850e-02  1.97790e+00  5.12305e-01
8.900e-02  1.97612e+00  5.13590e-01
8.950e-02  1.97435e+00  5.14874e-01
9.000e-02  1.97258e+00  5.16155e-01
9.050e-02  1.97080e+00  5.17432e-01
9.100e-02  1.96902e+00  5.18707e-01
9.150e-02  1.96723e+00  5.19979e-01
9.200e-02  1.96545e+00  5.21249e-01
9.250e-02  1.96365e+00  5.22516e-01
9.300e-02  1.96186e+00  5.23779e-01
9.350e-02  1.96007e+00  5.25040e-01
9.400e-02  1.95828e+00  5.26297e-01
9.450e-02  1.95648e+00  5.27550e-01
9.500e-02  1.95468e+00  5.28801e-01
9.550e-02  1.95287e+00  5.30048e-01
9.600e-02  1.95106e+00  5.31292e-01
9.650e-02  1.94926e+00  5.32532e-01
9.700e-02  1.94745e+00  5.33769e-01
9.750e-02  1.94563e+00  5.35002e-01
9.800e-02  1.94382e+00  5.36231e-01
9.850e-02  1.94201e+00  5.37457e-01
9.900e-02  1.94019e+00  5.38678e-01
9.950e-02  1.93837e+00  5.39896e-01
1.000e-01  1.93655e+00  5.41110e-01
1.005e-01  1.93473e+00  5.42321e-01
1.010e-01  1.93290e+00  5.43525e-01
1.015e-01  1.93108e+00  5.44729e-01
1.020e-01  1.92924e+00  5.45927e-01
1.025e-01  1.92741e+00  5.47120e-01
1.030e-01  1.92558e+00  5.48309e-01
1.035e-01  1.92374e+00  5.49495e-01
1.040e-01  1.92191e+00  5.50676e-01
1.045e-01  1.92007e+00  5.51852e-01
1.050e-01  1.91823e+00  5.53023e-01
1.055e-01  1.91640e+00  5.54191e-01
1.060e-01  1.91455e+00  5.55354e-01
1.065e-01  1.91270e+00  5.56515e-01
1.070e-01  1.91086e+00  5.57670e-01
1.075e-01  1.90901e+00  5.58819e-01
1.080e-01  1.90716e+00  5.59964e-01
1.085e-01  1.90531e+00  5.61105e-01
1.090e-01  1.90346e+00  5.62240e-01
1.095e-01  1.90160e+00  5.63371e-01
1.100e-01  1.89975e+00  5.64496e-01
1.105e-01  1.89789e+00  5.65617e-01
1.110e-01  1.89604e+00  5.66735e-01
1.115e-01  1.89418e+00  5.67846e-01
1.120e-01  1.89231e+00  5.68953e-01
1.125e-01  1.89045e+00  5.70055e-01
1.130e-01  1.88859e+00  5.71151e-01
1.135e-01  1.88672e+00  5.72243e-01
1.140e-01  1.88485e+00  5.73328e-01
1.145e-01  1.88299e+00  5.74411e-01
1.150e-01  1.88111e+00  5.75486e-01
1.155e-01  1.87925e+00  5.76557e-01
1.160e-01  1.87737e+00  5.77623e-01
1.165e-01  1.87550e+00  5.78684e-01
1.170e-01  1.87363e+00  5.79740e-01
1.175e-01  1.87176e+00  5.80790e-01
1.180e-01  1.86988e+00  5.81836e-01
1.185e-01  1.86799e+00  5.82877e-01
1.190e-01  1.86611e+00  5.83912e-01
1.195e-01  1.86423e+00  5.84941e-01
1.200e-01  1.86235e+00  5.85965e-01
1.205e-01  1.86047e+00  5.86985e-01
1.210e-01  1.85858e+00  5.87998e-01
1.215e-01  1.85669e+00  5.89006e-01
1.220e-01  1.85481e+00  5.90008e-01
1.225e-01  1.85292e+00  5.91005e-01
1.230e-01  1.85103e+00  5.91997e-01
1.235e-01  1.84914e+00  5.92984e-01
1.240e-01  1.84724e+00  5.93966e-01
1.245e-01  1.84535e+00  5.94940e-01
1.250e-01  1.84345e+00  5.95911e-01
1.255e-01  1.84156e+00  5.96875e-01
1.260e-01  1.83967e+00  5.97834e-01
1.265e-01  1.83777e+00  5.98788e-01
1.270e-01  1.83586e+00  5.99736e-01
1.275e-01  1.83396e+00  6.00679e-01
1.280e-01  1.83206e+00  6.01615e-01
1.285e-01  1.83016e+00  6.02546e-01
1.290e-01  1.82825e+00  6.03473e-01
1.295e-01  1.82634e+00  6.04393e-01
1.300e-01  1.82444e+00  6.05309e-01
1.305e-01  1.82253e+00  6.06218e-01
1.310e-01  1.82061e+00  6.07121e-01
1.315e-01  1.81870e+00  6.08020e-01
1.320e-01  1.81679e+00  6.08913e-01
1.325e-01  1.81487e+00  6.09800e-01
1.330e-01  1.81296e+00  6.10681e-01
1.335e-01  1.81104e+00  6.11556e-01
1.340e-01  1.80912e+00  6.12427e-01
1.345e-01  1.80721e+00  6.13292e-01
1.350e-01  1.80529e+00  6.14151e-01
1.355e-01  1.80336e+00  6.15005e-01
1.360e-01  1.80144e+00  6.15853e-01
1.365e-01  1.79951e+00  6.16696e-01
1.370e-01  1.79759e+00  6.17535e-01
1.375e-01  1.79566e+00  6.18366e-01
1.380e-01  1.79373e+00  6.19192e-01
1.385e-01  1.79180e+00  6.20013e-01
1.390e-01  1.78987e+00  6.20830e-01
1.395e-01  1.78795e+00  6.21638e-01
1.400e-01  1.78602e+00  6.22443e-01
1.405e-01  1.78408e+00  6.23243e-01
1.410e-01  1.78215e+00  6.24037e-01
1.415e-01  1.78021e+00  6.24824e-01
1.420e-01  1.77827e+00  6.25607e-01
1.425e-01  1.77634e+00  6.26385e-01
1.430e-01  1.77440e+00  6.27157e-01
1.435e-01  1.77245e+00  6.27925e-01
1.440e-01  1.77051e+00  6.28686e-01
1.445e-01  1.76856e+00  6.29443e-01
1.450e-01  1.76661e+00  6.30194e-01
1.455e-01  1.76467e+00  6.30939e-01
1.460e-01  1.76273e+00  6.31680e-01
1.465e-01  1.76078e+00  6.32415e-01
1.470e-01  1.75883e+00  6.33146e-01
1.475e-01  1.75687e+00  6.33871e-01
1.480e-01  1.75492e+00  6.34591e-01
1.485e-01  1.75296e+00  6.35307e-01
1.490e-01  1.75100e+00  6.36016e-01
1.495e-01  1.74904e+00  6.36720e-01
1.500e-01  1.74709e+00  6.37420e-01
1.505e-01  1.74513e+00  6.38114e-01
1.510e-01  1.74317e+00  6.38804e-01
1.515e-01  1.74120e+00  6.39488e-01
1.520e-01  1.73924e+00  6.40168e-01
1.525e-01  1.73727e+00  6.40843e-01
1.530e-01  1.73530e+00  6.41514e-01
1.535e-01  1.73333e+00  6.42178e-01
1.540e-01  1.73136e+00  6.42838e-01
1.545e-01  1.72939e+00  6.43493e-01
1.550e-01  1.72742e+00  6.44143e-01
1.555e-01  1.72544e+00  6.44788e-01
1.560e-01  1.72346e+00  6.45428e-01
1.565e-01  1.72148e+00  6.46064e-01
1.570e-01  1.71950e+00  6.46694e-01
1.575e-01  1.71752e+00  6.47319e-01
1.580e-01  1.71554e+00  6.47940e-01
1.585e-01  1.71355e+00  6.48556e-01
1.590e-01  1.71156e+00  6.49168e-01
1.595e-01  1.70957e+00  6.49775e-01
1.600e-01  1.70758e+00  6.50376e-01
1.605e-01  1.70560e+00  6.50973e-01
1.610e-01  1.70360e+00  6.51565e-01
1.615e-01  1.70160e+00  6.52151e-01
1.620e-01  1.69960e+00  6.52735e-01
1.625e-01  1.69760e+00  6.53312e-01
1.630e-01  1.69560e+00  6.53885e-01
1.635e-01  1.69360e+00  6.54454e-01
1.640e-01  1.69160e+00  6.55017e-01
1.645e-01  1.68960e+00  6.55575e-01
1.650e-01  1.68759e+00  6.56129e-01
1.655e-01  1.68559e+00  6.56679e-01
1.660e-01  1.68357e+00  6.57224e-01
1.665e-01  1.68156e+00  6.57764e-01
1.670e-01  1.67955e+00  6.58299e-01
1.675e-01  1.67753e+00  6.58830e-01
1.680e-01  1.67551e+00  6.59357e-01
1.685e-01  1.67350e+00  6.59878e-01
1.690e-01  1.67149e+00  6.60395e-01
1.695e-01  1.66946e+00  6.60908e-01
1.700e-01  1.66743e+00  6.61417e-01
1.705e-01  1.66541e+00  6.61920e-01
1.710e-01  1.66338e+00  6.62420e-01
1.715e-01  1.66135e+00  6.62913e-01
1.720e-01  1.65932e+00  6.63402e-01
1.725e-01  1.65729e+00  6.63888e-01
1.730e-01  1.65526e+00  6.64370e-01
1.735e-01  1.65322e+00  6.64848e-01
1.740e-01  1.65119e+00  6.65320e-01
1.745e-01  1.64915e+00  6.65788e-01
1.750e-01  1.64711e+00  6.66252e-01
1.755e-01  1.64507e+00  6.66712e-01
1.760e-01  1.64302e+00  6.67167e-01
1.765e-01  1.64098e+00  6.67618e-01
1.770e-01  1.63893e+00  6.68066e-01
1.775e-01  1.63688e+00  6.68509e-01
1.780e-01  1.63483e+00  6.68947e-01
1.785e-01  1.63278e+00  6.69382e-01
1.790e-01  1.63072e+00  6.69813e-01
1.795e-01  1.62866e+00  6.70240e-01
1.800e-01  1.62660e+00  6.70662e-01
1.805e-01  1.62455e+00  6.71080e-01
1.810e-01  1.62248e+00  6.71494e-01
1.815e-01  1.62042e+00  6.71905e-01
1.820e-01  1.61836e+00  6.72312e-01
1.825e-01  1.61630e+00  6.72715e-01
1.830e-01  1.61423e+00  6.73114e-01
1.835e-01  1.61215e+00  6.73509e-01
1.840e-01  1.61007e+00  6.73901e-01
1.845e-01  1.60800e+00  6.74288e-01
1.850e-01  1.60593e+00  6.74672e-01
1.855e-01  1.60385e+00  6.75052e-01
1.860e-01  1.60177e+00  6.75428e-01
1.865e-01  1.59969e+00  6.75801e-01
1.870e-01  1.59761e+00  6.76171e-01
1.875e-01  1.59552e+00  6.76537e-01
1.880e-01  1.59343e+00  6.76898e-01
1.885e-01  1.59134e+00  6.77257e-01
1.890e-01  1.58925e+00  6.77611e-01
1.895e-01  1.58716e+00  6.77963e-01
1.900e-01  1.58506e+00  6.78311e-01
1.905e-01  1.58297e+00  6.78656e-01
1.910e-01  1.58087e+00  6.78998e-01
1.915e-01  1.57877e+00  6.79336e-01
1.920e-01  1.57666e+00  6.79670e-01
1.925e-01  1.57456e+00  6.80002e-01
1.930e-01  1.57245e+00  6.80330e-01
1.935e-01  1.57035e+00  6.80655e-01
1.940e-01  1.56824e+00  6.80976e-01
1.945e-01  1.56613e+00  6.81294e-01
1.950e-01  1.56401e+00  6.81609e-01
1.955e-01  1.56189e+00  6.81921e-01
1.960e-01  1.55978e+00  6.82230e-01
1.965e-01  1.55766e+00  6.82536e-01
1.970e-01  1.55554e+00  6.82838e-01
1.975e-01  1.55342e+00  6.83138e-01
1.980e-01  1.55129e+00  6.83435e-01
1.985e-01  1.54916e+00  6.83729e-01
1.990e-01  1.54703e+00  6.84020e-01
1.995e-01  1.54490e+00  6.84308e-01
2.000e-01  1.54277e+00  6.84593e-01
2.005e-01  1.54063e+00  6.84875e-01
2.010e-01  1.53850e+00  6.85154e-01
2.015e-01  1.53636e+00  6.85430e-01
2.020e-01  1.53422e+00  6.85704e-01
2.025e-01  1.53208e+00  6.85974e-01
2.030e-01  1.52993e+00  6.86242e-01
2.035e-01  1.52778e+00  6.86507e-01
2.040e-01  1.52563e+00  6.86771e-01
2.045e-01  1.52348e+00  6.87031e-01
2.050e-01  1.52133e+00  6.87289e-01
2.055e-01  1.51917e+00  6.87543e-01
2.060e-01  1.51702e+00  6.87795e-01
2.065e-01  1.51486e+00  6.88044e-01
2.070e-01  1.51270e+00  6.88291e-01
2.075e-01  1.51054e+00  6.88535e-01
2.080e-01  1.50838e+00  6.88777e-01
2.085e-01  1.50621e+00  6.89016e-01
2.090e-01  1.50405e+00  6.89253e-01
2.095e-01  1.50188e+00  6.89487e-01
2.100e-01  1.49970e+00  6.89718e-01
2.105e-01  1.49753e+00  6.89948e-01
2.110e-01  1.49535e+00  6.90175e-01
2.115e-01  1.49317e+00  6.90400e-01
2.120e-01  1.49099e+00  6.90623e-01
2.125e-01  1.48881e+00  6.90843e-01
2.130e-01  1.48663e+00  6.91061e-01
2.135e-01  1.48444e+00  6.91276e-01
2.140e-01  1.48226e+00  6.91489e-01
2.145e-01  1.48007e+00  6.91700e-01
2.150e-01  1.47787e+00  6.91909e-01
2.155e-01  1.47568e+00  6.92116e-01
2.160e-01  1.47348e+00  6.92320e-01
2.165e-01  1.47129e+00  6.92522e-01
2.170e-01  1.46909e+00  6.92722e-01
2.175e-01  1.46689e+00  6.92920e-01
2.180e-01  1.46469e+00  6.93116e-01
2.185e-01  1.46248e+00  6.93309e-01
2.190e-01  1.46027e+00  6.93501e-01
2.195e-01  1.45807e+00  6.93690e-01
2.200e-01  1.45586e+00  6.93878e-01
2.205e-01  1.45365e+00  6.94064e-01
2.210e-01  1.45144e+00  6.94247e-01
2.215e-01  1.44922e+00  6.94429e-01
2.220e-01  1.44700e+00  6.94610e-01
2.225e-01  1.44478e+00  6.94788e-01
2.230e-01  1.44255e+00  6.94964e-01
2.235e-01  1.44033e+00  6.95139e-01
2.240e-01  1.43810e+00  6.95311e-01
2.245e-01  1.43588e+00  6.95481e-01
2.250e-01  1.43365e+00  6.95650e-01
2.255e-01  1.43142e+00  6.95816e-01
2.260e-01  1.42919e+00  6.95981e-01
2.265e-01  1.42696e+00  6.96144e-01
2.270e-01  1.42472e+00  6.96305e-01
2.275e-01  1.42248e+00  6.96465e-01
2.280e-01  1.42024e+00  6.96622e-01
2.285e-01  1.41800e+00  6.96778e-01
2.290e-01  1.41576e+00  6.96932e-01
2.295e-01  1.41351e+00  6.97085e-01
2.300e-01  1.41126e+00  6.97235e-01
2.305e-01  1.40901e+00  6.97384e-01
2.310e-01  1.40676e+00  6.97532e-01
2.315e-01  1.40451e+00  6.97677e-01
2.320e-01  1.40225e+00  6.97822e-01
2.325e-01  1.40000e+00  6.97964e-01
2.330e-01  1.39775e+00  6.98106e-01
2.335e-01  1.39549e+00  6.98245e-01
2.340e-01  1.39323e+00  6.98384e-01
2.345e-01  1.39097e+00  6.98521e-01
2.350e-01  1.38871e+00  6.98656e-01
2.355e-01  1.38644e+00  6.98789e-01
2.360e-01  1.38417e+00  6.98921e-01
2.365e-01  1.38190e+00  6.99051e-01
2.370e-01  1.37963e+00  6.99179e-01
2.375e-01  1.37736e+00  6.99305e-01
2.380e-01  1.37508e+00  6.99431e-01
2.385e-01  1.37280e+00  6.99555e-01
2.390e-01  1.37052e+00  6.99678e-01
2.395e-01  1.36824e+00  6.99800e-01
2.400e-01  1.36596e+00  6.99921e-01
2.405e-01  1.36368e+00  7.00040e-01
2.410e-01  1.36139e+00  7.00158e-01
2.415e-01  1.35911e+00  7.00275e-01
2.420e-01  1.35682e+00  7.00390e-01
2.425e-01  1.35453e+00  7.00504e-01
2.430e-01  1.35224e+00  7.00616e-01
2.435e-01  1.34995e+00  7.00726e-01
2.440e-01  1.34765e+00  7.00835e-01
2.445e-01  1.34535e+00  7.00943e-01
2.450e-01  1.34306e+00  7.01050e-01
2.455e-01  1.34076e+00  7.01155e-01
2.460e-01  1.33845e+00  7.01260e-01
2.465e-01  1.33615e+00  7.01363e-01
2.470e-01  1.33385e+00  7.01466e-01
2.475e-01  1.33154e+00  7.01567e-01
2.480e-01  1.32924e+00  7.01667e-01
2.485e-01  1.32693e+00  7.01765e-01
2.490e-01  1.32462e+00  7.01863e-01
2.495e-01  1.32230e+00  7.01959e-01
2.500e-01  1.31999e+00  7.02054e-01
2.505e-01  1.31768e+00  7.02147e-01
2.510e-01  1.31536e+00  7.02240e-01
2.515e-01  1.31304e+00  7.02331e-01
2.520e-01  1.31072e+00  7.02421e-01
2.525e-01  1.30840e+00  7.02510e-01
2.530e-01  1.30608e+00  7.02598e-01
2.535e-01  1.30375e+00  7.02685e-01
2.540e-01  1.30142e+00  7.02771e-01
2.545e-01  1.29910e+00  7.02857e-01
2.550e-01  1.29677e+00  7.02941e-01
2.555e-01  1.29444e+00  7.03024e-01
2.560e-01  1.29211e+00  7.03107e-01
2.565e-01  1.28978e+00  7.03188e-01
2.570e-01  1.28745e+00  7.03269e-01
2.575e-01  1.28511e+00  7.03348e-01
2.580e-01  1.28278e+00  7.03427e-01
2.585e-01  1.28044e+00  7.03505e-01
2.590e-01  1.27810e+00  7.03581e-01
2.595e-01  1.27576e+00  7.03657e-01
2.600e-01  1.27342e+00  7.03731e-01
2.605e-01  1.27107e+00  7.03804e-01
2.610e-01  1.26873e+00  7.03877e-01
2.615e-01  1.26638e+00  7.03948e-01
2.620e-01  1.26403e+00  7.04019e-01
2.625e-01  1.26168e+00  7.04089e-01
2.630e-01  1.25933e+00  7.04159e-01
2.635e-01  1.25698e+00  7.04229e-01
2.640e-01  1.25463e+00  7.04298e-01
2.645e-01  1.25227e+00  7.04366e-01
2.650e-01  1.24991e+00  7.04434e-01
2.655e-01  1.24756e+00  7.04501e-01
2.660e-01  1.24520e+00  7.04568e-01
2.665e-01  1.24284e+00  7.04633e-01
2.670e-01  1.24048e+00  7.04698e-01
2.675e-01  1.23811e+00  7.04763e-01
2.680e-01  1.23575e+00  7.04827e-01
2.685e-01  1.23339e+00  7.04890e-01
2.690e-01  1.23102e+00  7.04953e-01
2.695e-01  1.22866e+00  7.05016e-01
2.700e-01  1.22629e+00  7.05078e-01
2.705e-01  1.22392e+00  7.05140e-01
2.710e-01  1.22155e+00  7.05202e-01
2.715e-01  1.21917e+00  7.05263e-01
2.720e-01  1.21680e+00  7.05324e-01
2.725e-01  1.21443e+00  7.05384e-01
2.730e-01  1.21205e+00  7.05444e-01
2.735e-01  1.20967e+00  7.05502e-01
2.740e-01  1.20729e+00  7.05561e-01
2.745e-01  1.20491e+00  7.05619e-01
2.750e-01  1.20253e+00  7.05677e-01
2.755e-01  1.20015e+00  7.05735e-01
2.760e-01  1.19777e+00  7.05792e-01
2.765e-01  1.19538e+00  7.05850e-01
2.770e-01  1.19300e+00  7.05908e-01
2.775e-01  1.19061e+00  7.05966e-01
2.780e-01  1.18822e+00  7.06024e-01
2.785e-01  1.18583e+00  7.06082e-01
2.790e-01  1.18344e+00  7.06140e-01
2.795e-01  1.18104e+00  7.06197e-01
2.800e-01  1.17865e+00  7.06254e-01
2.805e-01  1.17626e+00  7.06310e-01
2.810e-01  1.17386e+00  7.06367e-01
2.815e-01  1.17146e+00  7.06423e-01
2.820e-01  1.16907e+00  7.06479e-01
2.825e-01  1.16667e+00  7.06535e-01
2.830e-01  1.16427e+00  7.06591e-01
2.835e-01  1.16187e+00  7.06647e-01
2.840e-01  1.15947e+00  7.06703e-01
2.845e-01  1.15707e+00  7.06759e-01
2.850e-01  1.15467e+00  7.06816e-01
2.855e-01  1.15227e+00  7.06872e-01
2.860e-01  1.14986e+00  7.06928e-01
2.865e-01  1.14746e+00  7.06983e-01
2.870e-01  1.14505e+00  7.07038e-01
2.875e-01  1.14264e+00  7.07093e-01
2.880e-01  1.14023e+00  7.07147e-01
2.885e-01  1.13782e+00  7.07201e-01
2.890e-01  1.13541e+00  7.07255e-01
2.895e-01  1.13299e+00  7.07308e-01
2.900e-01  1.13058e+00  7.07362e-01
2.905e-01  1.12816e+00  7.07415e-01
2.910e-01  1.12575e+00  7.07468e-01
2.915e-01  1.12333e+00  7.07521e-01
2.920e-01  1.12092e+00  7.07573e-01
2.925e-01  1.11850e+00  7.07626e-01
2.930e-01  1.11608e+00  7.07678e-01
2.935e-01  1.11366e+00  7.07730e-01
2.940e-01  1.11124e+00  7.07782e-01
2.945e-01  1.10882e+00  7.07834e-01
2.950e-01  1.10640e+00  7.07886e-01
2.955e-01  1.10398e+00  7.07937e-01
2.960e-01  1.10155e+00  7.07988e-01
2.965e-01  1.09913e+00  7.08040e-01
2.970e-01  1.09671e+00  7.08091e-01
2.975e-01  1.09428e+00  7.08142e-01
2.980e-01  1.09186e+00  7.08193e-01
2.985e-01  1.08943e+00  7.08244e-01
2.990e-01  1.08700e+00  7.08295e-01
2.995e-01  1.08457e+00  7.08345e-01
3.000e-01  1.08215e+00  7.08395e-01
3.005e-01  1.07972e+00  7.08444e-01
3.010e-01  1.07729e+00  7.08493e-01
3.015e-01  1.07486e+00  7.08541e-01
3.020e-01  1.07243e+00  7.08589e-01
3.025e-01  1.07000e+00  7.08636e-01
3.030e-01  1.06756e+00  7.08683e-01
3.035e-01  1.06513e+00  7.08730e-01
3.040e-01  1.06270e+00  7.08777e-01
3.045e-01  1.06026e+00  7.08823e-01
3.050e-01  1.05783e+00  7.08869e-01
3.055e-01  1.05539e+00  7.08914e-01
3.060e-01  1.05296e+00  7.08960e-01
3.065e-01  1.05052e+00  7.09005e-01
3.070e-01  1.04809e+00  7.09050e-01
3.075e-01  1.04565e+00  7.09095e-01
3.080e-01  1.04321e+00  7.09140e-01
3.085e-01  1.04078e+00  7.09185e-01
3.090e-01  1.03834e+00  7.09229e-01
3.095e-01  1.03590e+00  7.09273e-01
3.100e-01  1.03346e+00  7.09316e-01
3.105e-01  1.03102e+00  7.09359e-01
3.110e-01  1.02858e+00  7.09402e-01
3.115e-01  1.02614e+00  7.09444e-01
3.120e-01  1.02370e+00  7.09485e-01
3.125e-01  1.02126e+00  7.09525e-01
3.130e-01  1.01882e+00  7.09565e-01
3.135e-01  1.01638e+00  7.09604e-01
3.140e-01  1.01394e+00  7.09642e-01
3.145e-01  1.01150e+00  7.09681e-01
3.150e-01  1.00906e+00  7.09719e-01
3.155e-01  1.00662e+00  7.09756e-01
3.160e-01  1.00418e+00  7.09794e-01
3.165e-01  1.00173e+00  7.09832e-01
3.170e-01  9.99290e-01  7.09869e-01
3.175e-01  9.96846e-01  7.09907e-01
3.180e-01  9.94401e-01  7.09945e-01
3.185e-01  9.91956e-01  7.09984e-01
3.190e-01  9.89510e-01  7.10022e-01
3.195e-01  9.87064e-01  7.10060e-01
3.200e-01  9.84617e-01  7.10098e-01
3.205e-01  9.82171e-01  7.10135e-01
3.210e-01  9.79724e-01  7.10173e-01
3.215e-01  9.77278e-01  7.10209e-01
3.220e-01  9.74832e-01  7.10245e-01
3.225e-01  9.72385e-01  7.10281e-01
3.230e-01  9.69939e-01  7.10317e-01
3.235e-01  9.67492e-01  7.10352e-01
3.240e-01  9.65045e-01  7.10387e-01
3.245e-01  9.62598e-01  7.10422e-01
3.250e-01  9.60151e-01  7.10456e-01
3.255e-01  9.57703e-01  7.10490e-01
3.260e-01  9.55256e-01  7.10524e-01
3.265e-01  9.52808e-01  7.10558e-01
3.270e-01  9.50359e-01  7.10592e-01
3.275e-01  9.47911e-01  7.10625e-01
3.280e-01  9.45463e-01  7.10659e-01
3.285e-01  9.43014e-01  7.10692e-01
3.290e-01  9.40566e-01  7.10725e-01
3.295e-01  9.38117e-01  7.10757e-01
3.300e-01  9.35669e-01  7.10789e-01
3.305e-01  9.33220e-01  7.10821e-01
3.310e-01  9.30772e-01  7.10852e-01
3.315e-01  9.28323e-01  7.10882e-01
3.320e-01  9.25875e-01  7.10913e-01
3.325e-01  9.23427e-01  7.10943e-01
3.330e-01  9.20978e-01  7.10973e-01
3.335e-01  9.18530e-01  7.11002e-01
3.340e-01  9.16082e-01  7.11031e-01
3.345e-01  9.13634e-01  7.11060e-01
3.350e-01  9.11186e-01  7.11089e-01
3.355e-01  9.08738e-01  7.11117e-01
3.360e-01  9.06290e-01  7.11146e-01
3.365e-01  9.03842e-01  7.11174e-01
3.370e-01  9.01393e-01  7.11203e-01
3.375e-01  8.98945e-01  7.11231e-01
3.380e-01  8.96497e-01  7.11259e-01
3.385e-01  8.94048e-01  7.11287e-01
3.390e-01  8.91599e-01  7.11316e-01
3.395e-01  8.89151e-01  7.11344e-01
3.400e-01  8.86702e-01  7.11372e-01
3.405e-01  8.84253e-01  7.11400e-01
3.410e-01  8.81804e-01  7.11428e-01
3.415e-01  8.79356e-01  7.11456e-01
3.420e-01  8.76908e-01  7.11484e-01
3.425e-01  8.74459e-01  7.11511e-01
3.430e-01  8.72011e-01  7.11538e-01
3.435e-01  8.69563e-01  7.11565e-01
3.440e-01  8.67116e-01  7.11592e-01
3.445e-01  8.64668e-01  7.11619e-01
3.450e-01  8.62221e-01  7.11645e-01
3.455e-01  8.59773e-01  7.11671e-01
3.460e-01  8.57326e-01  7.11697e-01
3.465e-01  8.54879e-01  7.11722e-01
3.470e-01  8.52432e-01  7.11748e-01
3.475e-01  8.49986e-01  7.11773e-01
3.480e-01  8.47540e-01  7.11797e-01
3.485e-01  8.45094e-01  7.11822e-01
3.490e-01  8.42648e-01  7.11846e-01
3.495e-01  8.40203e-01  7.11871e-01
3.500e-01  8.37757e-01  7.11895e-01
3.505e-01  8.35312e-01  7.11919e-01
3.510e-01  8.32867e-01  7.11942e-01
3.515e-01  8.30422e-01  7.11966e-01
3.520e-01  8.27978e-01  7.11990e-01
3.525e-01  8.25533e-01  7.12013e-01
3.530e-01  8.23089e-01  7.12037e-01
3.535e-01  8.20645e-01  7.12060e-01
3.540e-01  8.18201e-01  7.12084e-01
3.545e-01  8.15757e-01  7.12107e-01
3.550e-01  8.13313e-01  7.12130e-01
3.555e-01  8.10870e-01  7.12153e-01
3.560e-01  8.08428e-01  7.12176e-01
3.565e-01  8.05986e-01  7.12199e-01
3.570e-01  8.03544e-01  7.12222e-01
3.575e-01  8.01103e-01  7.12245e-01
3.580e-01  7.98662e-01  7.12267e-01
3.585e-01  7.96221e-01  7.12290e-01
3.590e-01  7.93780e-01  7.12312e-01
3.595e-01  7.91340e-01  7.12335e-01
3.600e-01  7.88899e-01  7.12357e-01
3.605e-01  7.86459e-01  7.12379e-01
3.610e-01  7.84019e-01  7.12401e-01
3.615e-01  7.81580e-01  7.12422e-01
3.620e-01  7.79141e-01  7.12444e-01
3.625e-01  7.76702e-01  7.12465e-01
3.630e-01  7.74264e-01  7.12486e-01
3.635e-01  7.71826e-01  7.12506e-01
3.640e-01  7.69389e-01  7.12526e-01
3.645e-01  7.66952e-01  7.12546e-01
3.650e-01  7.64516e-01  7.12566e-01
3.655e-01  7.62081e-01  7.12585e-01
3.660e-01  7.59646e-01  7.12605e-01
3.665e-01  7.57211e-01  7.12624e-01
3.670e-01  7.54777e-01  7.12644e-01
3.675e-01  7.52343e-01  7.12664e-01
3.680e-01  7.49909e-01  7.12684e-01
3.685e-01  7.47476e-01  7.12704e-01
3.690e-01  7.45043e-01  7.12725e-01
3.695e-01  7.42610e-01  7.12746e-01
3.700e-01  7.40177e-01  7.12767e-01
3.705e-01  7.37746e-01  7.12788e-01
3.710e-01  7.35314e-01  7.12809e-01
3.715e-01  7.32883e-01  7.12829e-01
3.720e-01  7.30453e-01  7.12849e-01
3.725e-01  7.28023e-01  7.12868e-01
3.730e-01  7.25593e-01  7.12887e-01
3.735e-01  7.23165e-01  7.12906e-01
3.740e-01  7.20736e-01  7.12925e-01
3.745e-01  7.18308e-01  7.12943e-01
3.750e-01  7.15881e-01  7.12962e-01
3.755e-01  7.13454e-01  7.12980e-01
3.760e-01  7.11027e-01  7.12999e-01
3.765e-01  7.08601e-01  7.13018e-01
3.770e-01  7.06175e-01  7.13036e-01
3.775e-01  7.03750e-01  7.13055e-01
3.780e-01  7.01326e-01  7.13074e-01
3.785e-01  6.98901e-01  7.13093e-01
3.790e-01  6.96478e-01  7.13112e-01
3.795e-01  6.94054e-01  7.13131e-01
3.800e-01  6.91632e-01  7.13150e-01
3.805e-01  6.89210e-01  7.13169e-01
3.810e-01  6.86788e-01  7.13188e-01
3.815e-01  6.84367e-01  7.13207e-01
3.820e-01  6.81946e-01  7.13225e-01
3.825e-01  6.79526e-01  7.13243e-01
3.830e-01  6.77107e-01  7.13261e-01
3.835e-01  6.74688e-01  7.13279e-01
3.840e-01  6.72270e-01  7.13297e-01
3.845e-01  6.69853e-01  7.13315e-01
3.850e-01  6.67436e-01  7.13332e-01
3.855e-01  6.65020e-01  7.13349e-01
3.860e-01  6.62604e-01  7.13367e-01
3.865e-01  6.60189e-01  7.13384e-01
3.870e-01  6.57775e-01  7.13401e-01
3.875e-01  6.55362e-01  7.13418e-01
3.880e-01  6.52949e-01  7.13435e-01
3.885e-01  6.50536e-01  7.13452e-01
3.890e-01  6.48125e-01  7.13469e-01
3.895e-01  6.45714e-01  7.13486e-01
3.900e-01  6.43303e-01  7.13502e-01
3.905e-01  6.40894e-01  7.13519e-01
3.910e-01  6.38484e-01  7.13536e-01
3.915e-01  6.36076e-01  7.13553e-01
3.920e-01  6.33668e-01  7.13570e-01
3.925e-01  6.31260e-01  7.13587e-01
3.930e-01  6.28853e-01  7.13604e-01
3.935e-01  6.26447e-01  7.13621e-01
3.940e-01  6.24041e-01  7.13638e-01
3.945e-01  6.21636e-01  7.13655e-01
3.950e-01  6.19231e-01  7.13672e-01
3.955e-01  6.16827e-01  7.13689e-01
3.960e-01  6.14423e-01  7.13706e-01
3.965e-01  6.12020e-01  7.13723e-01
3.970e-01  6.09617e-01  7.13740e-01
3.975e-01  6.07216e-01  7.13757e-01
3.980e-01  6.04815e-01  7.13774e-01
3.985e-01  6.02414e-01  7.13790e-01
3.990e-01  6.00015e-01  7.13806e-01
3.995e-01  5.97617e-01  7.13823e-01
4.000e-01  5.95219e-01  7.13839e-01
4.005e-01  5.92823e-01  7.13854e-01
4.010e-01  5.90427e-01  7.13870e-01
4.015e-01  5.88032e-01  7.13885e-01
4.020e-01  5.85638e-01  7.13900e-01
4.025e-01  5.83245e-01  7.13915e-01
4.030e-01  5.80853e-01  7.13930e-01
4.035e-01  5.78462e-01  7.13945e-01
4.040e-01  5.76071e-01  7.13960e-01
4.045e-01  5.73682e-01  7.13974e-01
4.050e-01  5.71293e-01  7.13989e-01
4.055e-01  5.68904e-01  7.14004e-01
4.060e-01  5.66516e-01  7.14019e-01
4.065e-01  5.64128e-01  7.14034e-01
4.070e-01  5.61741e-01  7.14050e-01
4.075e-01  5.59354e-01  7.14066e-01
4.080e-01  5.56967e-01  7.14082e-01
4.085e-01  5.54581e-01  7.14098e-01
4.090e-01  5.52195e-01  7.14115e-01
4.095e-01  5.49810e-01  7.14131e-01
4.100e-01  5.47426e-01  7.14147e-01
4.105e-01  5.45043e-01  7.14163e-01
4.110e-01  5.42662e-01  7.14179e-01
4.115e-01  5.40282e-01  7.14194e-01
4.120e-01  5.37903e-01  7.14209e-01
4.125e-01  5.35524e-01  7.14224e-01
4.130e-01  5.33146e-01  7.14239e-01
4.135e-01  5.30769e-01  7.14254e-01
4.140e-01  5.28393e-01  7.14269e-01
4.145e-01  5.26017e-01  7.14285e-01
4.150e-01  5.23641e-01  7.14300e-01
4.155e-01  5.21265e-01  7.14316e-01
4.160e-01  5.18891e-01  7.14331e-01
4.165e-01  5.16517e-01  7.14347e-01
4.170e-01  5.14144e-01  7.14362e-01
4.175e-01  5.11772e-01  7.14377e-01
4.180e-01  5.09401e-01  7.14393e-01
4.185e-01  5.07031e-01  7.14408e-01
4.190e-01  5.04662e-01  7.14423e-01
4.195e-01  5.02294e-01  7.14438e-01
4.200e-01  4.99926e-01  7.14453e-01
4.205e-01  4.97560e-01  7.14467e-01
4.210e-01  4.95195e-01  7.14481e-01
4.215e-01  4.92830e-01  7.14495e-01
4.220e-01  4.90467e-01  7.14509e-01
4.225e-01  4.88104e-01  7.14523e-01
4.230e-01  4.85742e-01  7.14537e-01
4.235e-01  4.83381e-01  7.14550e-01
4.240e-01  4.81021e-01  7.14564e-01
4.245e-01  4.78662e-01  7.14578e-01
4.250e-01  4.76303e-01  7.14591e-01
4.255e-01  4.73945e-01  7.14605e-01
4.260e-01  4.71588e-01  7.14620e-01
4.265e-01  4.69232e-01  7.14634e-01
4.270e-01  4.66877e-01  7.14648e-01
4.275e-01  4.64522e-01  7.14663e-01
4.280e-01  4.62168e-01  7.14677e-01
4.285e-01  4.59815e-01  7.14692e-01
4.290e-01  4.57462e-01  7.14707e-01
4.295e-01  4.55110e-01  7.14722e-01
4.300e-01  4.52758e-01  7.14736e-01
4.305e-01  4.50407e-01  7.14751e-01
4.310e-01  4.48058e-01  7.14766e-01
4.315e-01  4.45709e-01  7.14780e-01
4.320e-01  4.43361e-01  7.14795e-01
4.325e-01  4.41014e-01  7.14809e-01
4.330e-01  4.38669e-01  7.14823e-01
4.335e-01  4.36324e-01  7.14837e-01
4.340e-01  4.33981e-01  7.14851e-01
4.345e-01  4.31639e-01  7.14865e-01
4.350e-01  4.29297e-01  7.14879e-01
4.355e-01  4.26956e-01  7.14893e-01
4.360e-01  4.24615e-01  7.14907e-01
4.365e-01  4.22275e-01  7.14922e-01
4.370e-01  4.19936e-01  7.14936e-01
4.375e-01  4.17597e-01  7.14951e-01
4.380e-01  4.15259e-01  7.14965e-01
4.385e-01  4.12923e-01  7.14979e-01
4.390e-01  4.10588e-01  7.14993e-01
4.395e-01  4.08254e-01  7.15007e-01
4.400e-01  4.05921e-01  7.15021e-01
4.405e-01  4.03589e-01  7.15034e-01
4.410e-01  4.01258e-01  7.15048e-01
4.415e-01  3.98927e-01  7.15062e-01
4.420e-01  3.96598e-01  7.15075e-01
4.425e-01  3.94269e-01  7.15089e-01
4.430e-01  3.91942e-01  7.15103e-01
4.435e-01  3.89614e-01  7.15117e-01
4.440e-01  3.87288e-01  7.15131e-01
4.445e-01  3.84962e-01  7.15145e-01
4.450e-01  3.82637e-01  7.15159e-01
4.455e-01  3.80313e-01  7.15173e-01
4.460e-01  3.77990e-01  7.15187e-01
4.465e-01  3.75668e-01  7.15200e-01
4.470e-01  3.73347e-01  7.15214e-01
4.475e-01  3.71026e-01  7.15228e-01
4.480e-01  3.68707e-01  7.15241e-01
4.485e-01  3.66389e-01  7.15255e-01
4.490e-01  3.64072e-01  7.15268e-01
4.495e-01  3.61756e-01  7.15281e-01
4.500e-01  3.59442e-01  7.15294e-01
4.505e-01  3.57128e-01  7.15307e-01
4.510e-01  3.54815e-01  7.15320e-01
4.515e-01  3.52503e-01  7.15333e-01
4.520e-01  3.50192e-01  7.15346e-01
4.525e-01  3.47883e-01  7.15359e-01
4.530e-01  3.45573e-01  7.15372e-01
4.535e-01  3.43265e-01  7.15385e-01
4.540e-01  3.40957e-01  7.15398e-01
4.545e-01  3.38651e-01  7.15411e-01
4.550e-01  3.36345e-01  7.15424e-01
4.555e-01  3.34040e-01  7.15438e-01
4.560e-01  3.31736e-01  7.15451e-01
4.565e-01  3.29432e-01  7.15465e-01
4.570e-01  3.27130e-01  7.15478e-01
4.575e-01  3.24829e-01  7.15492e-01
4.580e-01  3.22528e-01  7.15505e-01
4.585e-01  3.20228e-01  7.15519e-01
4.590e-01  3.17930e-01  7.15533e-01
4.595e-01  3.15632e-01  7.15546e-01
4.600e-01  3.13335e-01  7.15559e-01
4.605e-01  3.11038e-01  7.15573e-01
4.610e-01  3.08743e-01  7.15586e-01
4.615e-01  3.06448e-01  7.15599e-01
4.620e-01  3.04155e-01  7.15611e-01
4.625e-01  3.01862e-01  7.15624e-01
4.630e-01  2.99571e-01  7.15637e-01
4.635e-01  2.97280e-01  7.15650e-01
4.640e-01  2.94991e-01  7.15662e-01
4.645e-01  2.92703e-01  7.15675e-01
4.650e-01  2.90416e-01  7.15687e-01
4.655e-01  2.88130e-01  7.15700e-01
4.660e-01  2.85845e-01  7.15713e-01
4.665e-01  2.83561e-01  7.15725e-01
4.670e-01  2.81278e-01  7.15738e-01
4.675e-01  2.78996e-01  7.15751e-01
4.680e-01  2.76715e-01  7.15763e-01
4.685e-01  2.74434e-01  7.15776e-01
4.690e-01  2.72154e-01  7.15789e-01
4.695e-01  2.69875e-01  7.15802e-01
4.700e-01  2.67597e-01  7.15815e-01
4.705e-01  2.65320e-01  7.15828e-01
4.710e-01  2.63044e-01  7.15841e-01
4.715e-01  2.60770e-01  7.15854e-01
4.720e-01  2.58496e-01  7.15866e-01
4.725e-01  2.56223e-01  7.15879e-01
4.730e-01  2.53951e-01  7.15891e-01
4.735e-01  2.51681e-01  7.15903e-01
4.740e-01  2.49411e-01  7.15916e-01
4.745e-01  2.47143e-01  7.15928e-01
4.750e-01  2.44875e-01  7.15940e-01
4.755e-01  2.42608e-01  7.15952e-01
4.760e-01  2.40342e-01  7.15964e-01
4.765e-01  2.38078e-01  7.15976e-01
4.770e-01  2.35814e-01  7.15989e-01
4.775e-01  2.33551e-01  7.16001e-01
4.780e-01  2.31289e-01  7.16013e-01
4.785e-01  2.29027e-01  7.16026e-01
4.790e-01  2.26767e-01  7.16038e-01
4.795e-01  2.24508e-01  7.16051e-01
4.800e-01  2.22249e-01  7.16063e-01
4.805e-01  2.19991e-01  7.16076e-01
4.810e-01  2.17734e-01  7.16088e-01
4.815e-01  2.15478e-01  7.16101e-01
4.820e-01  2.13223e-01  7.16114e-01
4.825e-01  2.10969e-01  7.16126e-01
4.830e-01  2.08717e-01  7.16138e-01
4.835e-01  2.06465e-01  7.16150e-01
4.840e-01  2.04214e-01  7.16162e-01
4.845e-01  2.01965e-01  7.16174e-01
4.850e-01  1.99717e-01  7.16186e-01
4.855e-01  1.97470e-01  7.16197e-01
4.860e-01  1.95224e-01  7.16209e-01
4.865e-01  1.92979e-01  7.16220e-01
4.870e-01  1.90735e-01  7.16231e-01
4.875e-01  1.88492e-01  7.16243e-01
4.880e-01  1.86250e-01  7.16254e-01
4.885e-01  1.84009e-01  7.16266e-01
4.890e-01  1.81769e-01  7.16278e-01
4.895e-01  1.79529e-01  7.16290e-01
4.900e-01  1.77290e-01  7.16302e-01
4.905e-01  1.75052e-01  7.16314e-01
4.910e-01  1.72815e-01  7.16327e-01
4.915e-01  1.70579e-01  7.16339e-01
4.920e-01  1.68344e-01  7.16352e-01
4.925e-01  1.66109e-01  7.16364e-01
4.930e-01  1.63876e-01  7.16376e-01
4.935e-01  1.61644e-01  7.16387e-01
4.940e-01  1.59414e-01  7.16399e-01
4.945e-01  1.57184e-01  7.16410e-01
4.950e-01  1.54955e-01  7.16421e-01
4.955e-01  1.52728e-01  7.16432e-01
4.960e-01  1.50501e-01  7.16443e-01
4.965e-01  1.48276e-01  7.16454e-01
4.970e-01  1.46051e-01  7.16465e-01
4.975e-01  1.43827e-01  7.16476e-01
4.980e-01  1.41605e-01  7.16488e-01
4.985e-01  1.39383e-01  7.16499e-01
4.990e-01  1.37161e-01  7.16511e-01
4.995e-01  1.34941e-01  7.16523e-01
5.000e-01  1.32722e-01  7.16536e-01
5.005e-01  1.30503e-01  7.16548e-01
5.010e-01  1.28286e-01  7.16561e-01
5.015e-01  1.26069e-01  7.16573e-01
5.020e-01  1.23854e-01  7.16585e-01
5.025e-01  1.21640e-01  7.16597e-01
5.030e-01  1.19427e-01  7.16609e-01
5.035e-01  1.17215e-01  7.16620e-01
5.040e-01  1.15004e-01  7.16632e-01
5.045e-01  1.12794e-01  7.16644e-01
5.050e-01  1.10584e-01  7.16655e-01
5.055e-01  1.08376e-01  7.16667e-01
5.060e-01  1.06168e-01  7.16679e-01
5.065e-01  1.03961e-01  7.16692e-01
5.070e-01  1.01754e-01  7.16704e-01
5.075e-01  9.95494e-02  7.16716e-01
5.080e-01  9.73455e-02  7.16728e-01
5.085e-01  9.51429e-02  7.16740e-01
5.090e-01  9.29416e-02  7.16752e-01
5.095e-01  9.07416e-02  7.16763e-01
5.100e-01  8.85428e-02  7.16775e-01
5.105e-01  8.63452e-02  7.16786e-01
5.110e-01  8.41486e-02  7.16798e-01
5.115e-01  8.19531e-02  7.16809e-01
5.120e-01  7.97586e-02  7.16820e-01
5.125e-01  7.75651e-02  7.16832e-01
5.130e-01  7.53724e-02  7.16843e-01
5.135e-01  7.31806e-02  7.16855e-01
5.140e-01  7.09897e-02  7.16867e-01
5.145e-01  6.87996e-02  7.16879e-01
5.150e-01  6.66105e-02  7.16890e-01
5.155e-01  6.44224e-02  7.16902e-01
5.160e-01  6.22352e-02  7.16915e-01
5.165e-01  6.00490e-02  7.16927e-01
5.170e-01  5.78638e-02  7.16939e-01
5.175e-01  5.56797e-02  7.16951e-01
5.180e-01  5.34965e-02  7.16963e-01
5.185e-01  5.13145e-02  7.16976e-01
5.190e-01  4.91335e-02  7.16988e-01
5.195e-01  4.69535e-02  7.17000e-01
5.200e-01  4.47747e-02  7.17012e-01
5.205e-01  4.25969e-02  7.17024e-01
5.210e-01  4.04202e-02  7.17035e-01
5.215e-01  3.82444e-02  7.17047e-01
5.220e-01  3.60697e-02  7.17059e-01
5.225e-01  3.38958e-02  7.17071e-01
5.230e-01  3.17229e-02  7.17082e-01
5.235e-01  2.95509e-02  7.17094e-01
5.240e-01  2.73798e-02  7.17106e-01
5.245e-01  2.52095e-02  7.17119e-01
5.250e-01  2.30402e-02  7.17131e-01
5.255e-01  2.08719e-02  7.17143e-01
5.260e-01  1.87047e-02  7.17155e-01
5.265e-01  1.65387e-02  7.17167e-01
5.270e-01  1.43739e-02  7.17179e-01
5.275e-01  1.22102e-02  7.17191e-01
5.280e-01  1.00477e-02  7.17203e-01
5.285e-01  7.88627e-03  7.17214e-01
5.290e-01  5.72588e-03  7.17226e-01
5.295e-01  3.56649e-03  7.17237e-01
5.300e-01  1.40805e-03  7.17249e-01
5.305e-01  -7.49482e-04  7.17261e-01
5.310e-01  -2.90615e-03  7.17273e-01
5.315e-01  -5.06195e-03  7.17285e-01
5.320e-01  -7.21686e-03  7.17297e-01
5.325e-01  -9.37084e-03  7.17309e-01
5.330e-01  -1.15239e-02  7.17322e-01
5.335e-01  -1.36759e-02  7.17334e-01
5.340e-01  -1.58268e-02  7.17346e-01
5.345e-01  -1.79767e-02  7.17358e-01
5.350e-01  -2.01256e-02  7.17369e-01
5.355e-01  -2.22734e-02  7.17381e-01
5.360e-01  -2.44202e-02  7.17393e-01
5.365e-01  -2.65659e-02  7.17404e-01
5.370e-01  -2.87107e-02  7.17416e-01
5.375e-01  -3.08544e-02  7.17427e-01
5.380e-01  -3.29971e-02  7.17439e-01
5.385e-01  -3.51389e-02  7.17451e-01
5.390e-01  -3.72796e-02  7.17463e-01
5.395e-01  -3.94193e-02  7.17476e-01
5.400e-01  -4.15580e-02  7.17488e-01
5.405e-01  -4.36956e-02  7.17500e-01
5.410e-01  -4.58321e-02  7.17512e-01
5.415e-01  -4.79675e-02  7.17524e-01
5.420e-01  -5.01018e-02  7.17535e-01
5.425e-01  -5.22350e-02  7.17547e-01
5.430e-01  -5.43672e-02  7.17558e-01
5.435e-01  -5.64983e-02  7.17570e-01
5.440e-01  -5.86285e-02  7.17581e-01
5.445e-01  -6.07576e-02  7.17593e-01
5.450e-01  -6.28859e-02  7.17604e-01
5.455e-01  -6.50133e-02  7.17616e-01
5.460e-01  -6.71398e-02  7.17627e-01
5.465e-01  -6.92654e-02  7.17639e-01
5.470e-01  -7.13902e-02  7.17651e-01
5.475e-01  -7.35140e-02  7.17663e-01
5.480e-01  -7.56368e-02  7.17675e-01
5.485e-01  -7.77586e-02  7.17687e-01
5.490e-01  -7.98793e-02  7.17699e-01
5.495e-01  -8.19988e-02  7.17711e-01
5.500e-01  -8.41171e-02  7.17722e-01
5.505e-01  -8.62343e-02  7.17734e-01
5.510e-01  -8.83503e-02  7.17745e-01
5.515e-01  -9.04652e-02  7.17755e-01
5.520e-01  -9.25791e-02  7.17766e-01
5.525e-01  -9.46919e-02  7.17777e-01
5.530e-01  -9.68036e-02  7.17788e-01
5.535e-01  -9.89144e-02  7.17799e-01
5.540e-01  -1.01024e-01  7.17810e-01
5.545e-01  -1.03133e-01  7.17821e-01
5.550e-01  -1.05241e-01  7.17832e-01
5.555e-01  -1.07348e-01  7.17843e-01
5.560e-01  -1.09454e-01  7.17855e-01
5.565e-01  -1.11559e-01  7.17867e-01
5.570e-01  -1.13663e-01  7.17878e-01
5.575e-01  -1.15766e-01  7.17890e-01
5.580e-01  -1.17869e-01  7.17902e-01
5.585e-01  -1.19970e-01  7.17914e-01
5.590e-01  -1.22070e-01  7.17926e-01
5.595e-01  -1.24169e-01  7.17937e-01
5.600e-01  -1.26267e-01  7.17949e-01
5.605e-01  -1.28364e-01  7.17960e-01
5.610e-01  -1.30460e-01  7.17971e-01
5.615e-01  -1.32555e-01  7.17982e-01
5.620e-01  -1.34649e-01  7.17993e-01
5.625e-01  -1.36742e-01  7.18004e-01
5.630e-01  -1.38835e-01  7.18015e-01
5.635e-01  -1.40926e-01  7.18026e-01
5.640e-01  -1.43017e-01  7.18037e-01
5.645e-01  -1.45106e-01  7.18048e-01
5.650e-01  -1.47195e-01  7.18059e-01
5.655e-01  -1.49283e-01  7.18070e-01
5.660e-01  -1.51369e-01  7.18081e-01
5.665e-01  -1.53455e-01  7.18092e-01
5.670e-01  -1.55540e-01  7.18103e-01
5.675e-01  -1.57623e-01  7.18114e-01
5.680e-01  -1.59705e-01  7.18125e-01
5.685e-01  -1.61787e-01  7.18136e-01
5.690e-01  -1.63867e-01  7.18146e-01
5.695e-01  -1.65946e-01  7.18157e-01
5.700e-01  -1.68024e-01  7.18168e-01
5.705e-01  -1.70101e-01  7.18178e-01
5.710e-01  -1.72177e-01  7.18189e-01
5.715e-01  -1.74251e-01  7.18199e-01
5.720e-01  -1.76325e-01  7.18210e-01
5.725e-01  -1.78398e-01  7.18220e-01
5.730e-01  -1.80470e-01  7.18231e-01
5.735e-01  -1.82541e-01  7.18241e-01
5.740e-01  -1.84611e-01  7.18252e-01
5.745e-01  -1.86680e-01  7.18262e-01
5.750e-01  -1.88748e-01  7.18272e-01
5.755e-01  -1.90815e-01  7.18283e-01
5.760e-01  -1.92881e-01  7.18293e-01
5.765e-01  -1.94947e-01  7.18303e-01
5.770e-01  -1.97011e-01  7.18313e-01
5.775e-01  -1.99074e-01  7.18323e-01
5.780e-01  -2.01137e-01  7.18333e-01
5.785e-01  -2.03198e-01  7.18343e-01
5.790e-01  -2.05258e-01  7.18353e-01
5.795e-01  -2.07318e-01  7.18363e-01
5.800e-01  -2.09376e-01  7.18373e-01
5.805e-01  -2.11434e-01  7.18383e-01
5.810e-01  -2.13490e-01  7.18393e-01
5.815e-01  -2.15545e-01  7.18403e-01
5.820e-01  -2.17600e-01  7.18413e-01
5.825e-01  -2.19653e-01  7.18423e-01
5.830e-01  -2.21706e-01  7.18433e-01
5.835e-01  -2.23757e-01  7.18443e-01
5.840e-01  -2.25808e-01  7.18453e-01
5.845e-01  -2.27857e-01  7.18462e-01
5.850e-01  -2.29906e-01  7.18472e-01
5.855e-01  -2.31953e-01  7.18481e-01
5.860e-01  -2.33999e-01  7.18490e-01
5.865e-01  -2.36045e-01  7.18499e-01
5.870e-01  -2.38089e-01  7.18508e-01
5.875e-01  -2.40131e-01  7.18517e-01
5.880e-01  -2.42173e-01  7.18525e-01
5.885e-01  -2.44213e-01  7.18534e-01
5.890e-01  -2.46252e-01  7.18542e-01
5.895e-01  -2.48290e-01  7.18551e-01
5.900e-01  -2.50328e-01  7.18559e-01
5.905e-01  -2.52364e-01  7.18567e-01
5.910e-01  -2.54399e-01  7.18575e-01
5.915e-01  -2.56433e-01  7.18583e-01
5.920e-01  -2.58467e-01  7.18591e-01
5.925e-01  -2.60500e-01  7.18599e-01
5.930e-01  -2.62532e-01  7.18607e-01
5.935e-01  -2.64563e-01  7.18615e-01
5.940e-01  -2.66593e-01  7.18623e-01
5.945e-01  -2.68622e-01  7.18631e-01
5.950e-01  -2.70650e-01  7.18639e-01
5.955e-01  -2.72677e-01  7.18646e-01
5.960e-01  -2.74703e-01  7.18654e-01
5.965e-01  -2.76728e-01  7.18662e-01
5.970e-01  -2.78752e-01  7.18670e-01
5.975e-01  -2.80774e-01  7.18678e-01
5.980e-01  -2.82796e-01  7.18685e-01
5.985e-01  -2.84816e-01  7.18693e-01
5.990e-01  -2.86835e-01  7.18700e-01
5.995e-01  -2.88853e-01  7.18707e-01
6.000e-01  -2.90871e-01  7.18714e-01
6.005e-01  -2.92887e-01  7.18721e-01
6.010e-01  -2.94902e-01  7.18728e-01
6.015e-01  -2.96917e-01  7.18735e-01
6.020e-01  -2.98930e-01  7.18741e-01
6.025e-01  -3.00943e-01  7.18748e-01
6.030e-01  -3.02954e-01  7.18754e-01
6.035e-01  -3.04965e-01  7.18760e-01
6.040e-01  -3.06974e-01  7.18766e-01
6.045e-01  -3.08982e-01  7.18773e-01
6.050e-01  -3.10990e-01  7.18779e-01
6.055e-01  -3.12996e-01  7.18785e-01
6.060e-01  -3.15001e-01  7.18790e-01
6.065e-01  -3.17005e-01  7.18796e-01
6.070e-01  -3.19008e-01  7.18802e-01
6.075e-01  -3.21009e-01  7.18807e-01
6.080e-01  -3.23009e-01  7.18812e-01
6.085e-01  -3.25008e-01  7.18818e-01
6.090e-01  -3.27006e-01  7.18823e-01
6.095e-01  -3.29003e-01  7.18828e-01
6.100e-01  -3.30999e-01  7.18832e-01
6.105e-01  -3.32994e-01  7.18837e-01
6.110e-01  -3.34988e-01  7.18842e-01
6.115e-01  -3.36981e-01  7.18846e-01
6.120e-01  -3.38973e-01  7.18851e-01
6.125e-01  -3.40964e-01  7.18856e-01
6.130e-01  -3.42954e-01  7.18860e-01
6.135e-01  -3.44944e-01  7.18865e-01
6.140e-01  -3.46932e-01  7.18869e-01
6.145e-01  -3.48920e-01  7.18873e-01
6.150e-01  -3.50906e-01  7.18878e-01
6.155e-01  -3.52891e-01  7.18882e-01
6.160e-01  -3.54875e-01  7.18886e-01
6.165e-01  -3.56858e-01  7.18890e-01
6.170e-01  -3.58840e-01  7.18895e-01
6.175e-01  -3.60821e-01  7.18899e-01
6.180e-01  -3.62800e-01  7.18903e-01
6.185e-01  -3.64779e-01  7.18906e-01
6.190e-01  -3.66757e-01  7.18910e-01
6.195e-01  -3.68733e-01  7.18914e-01
6.200e-01  -3.70709e-01  7.18917e-01
6.205e-01  -3.72683e-01  7.18920e-01
6.210e-01  -3.74656e-01  7.18924e-01
6.215e-01  -3.76628e-01  7.18927e-01
6.220e-01  -3.78598e-01  7.18930e-01
6.225e-01  -3.80568e-01  7.18934e-01
6.230e-01  -3.82536e-01  7.18937e-01
6.235e-01  -3.84504e-01  7.18941e-01
6.240e-01  -3.86470e-01  7.18945e-01
6.245e-01  -3.88436e-01  7.18949e-01
6.250e-01  -3.90401e-01  7.18953e-01
6.255e-01  -3.92365e-01  7.18957e-01
6.260e-01  -3.94327e-01  7.18960e-01
6.265e-01  -3.96289e-01  7.18964e-01
6.270e-01  -3.98249e-01  7.18968e-01
6.275e-01  -4.00208e-01  7.18972e-01
6.280e-01  -4.02165e-01  7.18976e-01
6.285e-01  -4.04122e-01  7.18980e-01
6.290e-01  -4.06078e-01  7.18985e-01
6.295e-01  -4.08033e-01  7.18989e-01
6.300e-01  -4.09987e-01  7.18994e-01
6.305e-01  -4.11940e-01  7.18999e-01
6.310e-01  -4.13891e-01  7.19004e-01
6.315e-01  -4.15842e-01  7.19010e-01
6.320e-01  -4.17792e-01  7.19016e-01
6.325e-01  -4.19741e-01  7.19022e-01
6.330e-01  -4.21688e-01  7.19028e-01
6.335e-01  -4.23635e-01  7.19035e-01
6.340e-01  -4.25580e-01  7.19042e-01
6.345e-01  -4.27524e-01  7.19049e-01
6.350e-01  -4.29467e-01  7.19056e-01
6.355e-01  -4.31409e-01  7.19064e-01
6.360e-01  -4.33351e-01  7.19073e-01
6.365e-01  -4.35292e-01  7.19081e-01
6.370e-01  -4.37231e-01  7.19090e-01
6.375e-01  -4.39170e-01  7.19100e-01
6.380e-01  -4.41108e-01  7.19110e-01
6.385e-01  -4.43044e-01  7.19121e-01
6.390e-01  -4.44979e-01  7.19132e-01
6.395e-01  -4.46913e-01  7.19145e-01
6.400e-01  -4.48846e-01  7.19158e-01
6.405e-01  -4.50777e-01  7.19171e-01
6.410e-01  -4.52708e-01  7.19185e-01
6.415e-01  -4.54638e-01  7.19200e-01
6.420e-01  -4.56567e-01  7.19215e-01
6.425e-01  -4.58496e-01  7.19231e-01
6.430e-01  -4.60423e-01  7.19248e-01
6.435e-01  -4.62350e-01  7.19265e-01
6.440e-01  -4.64275e-01  7.19283e-01
6.445e-01  -4.66198e-01  7.19302e-01
6.450e-01  -4.68120e-01  7.19322e-01
6.455e-01  -4.70041e-01  7.19343e-01
6.460e-01  -4.71962e-01  7.19365e-01
6.465e-01  -4.73882e-01  7.19388e-01
6.470e-01  -4.75801e-01  7.19412e-01
6.475e-01  -4.77719e-01  7.19437e-01
6.480e-01  -4.79636e-01  7.19464e-01
6.485e-01  -4.81552e-01  7.19491e-01
6.490e-01  -4.83466e-01  7.19520e-01
6.495e-01  -4.85380e-01  7.19550e-01
6.500e-01  -4.87294e-01  7.19582e-01
6.505e-01  -4.89207e-01  7.19614e-01
6.510e-01  -4.91119e-01  7.19648e-01
6.515e-01  -4.93028e-01  7.19684e-01
6.520e-01  -4.94937e-01  7.19720e-01
6.525e-01  -4.96846e-01  7.19759e-01
6.530e-01  -4.98755e-01  7.19798e-01
6.535e-01  -5.00661e-01  7.19839e-01
6.540e-01  -5.02566e-01  7.19882e-01
6.545e-01  -5.04470e-01  7.19927e-01
6.550e-01  -5.06374e-01  7.19973e-01
6.555e-01  -5.08277e-01  7.20022e-01
6.560e-01  -5.10180e-01  7.20072e-01
6.565e-01  -5.12080e-01  7.20123e-01
6.570e-01  -5.13980e-01  7.20177e-01
6.575e-01  -5.15878e-01  7.20232e-01
6.580e-01  -5.17775e-01  7.20290e-01
6.585e-01  -5.19672e-01  7.20350e-01
6.590e-01  -5.21568e-01  7.20411e-01
6.595e-01  -5.23463e-01  7.20475e-01
6.600e-01  -5.25357e-01  7.20541e-01
6.605e-01  -5.27250e-01  7.20608e-01
6.610e-01  -5.29143e-01  7.20679e-01
6.615e-01  -5.31034e-01  7.20751e-01
6.620e-01  -5.32925e-01  7.20826e-01
6.625e-01  -5.34815e-01  7.20904e-01
6.630e-01  -5.36704e-01  7.20983e-01
6.635e-01  -5.38590e-01  7.21066e-01
6.640e-01  -5.40477e-01  7.21151e-01
6.645e-01  -5.42364e-01  7.21238e-01
6.650e-01  -5.44248e-01  7.21328e-01
6.655e-01  -5.46132e-01  7.21420e-01
6.660e-01  -5.48017e-01  7.21515e-01
6.665e-01  -5.49900e-01  7.21613e-01
6.670e-01  -5.51782e-01  7.21714e-01
6.675e-01  -5.53662e-01  7.21817e-01
6.680e-01  -5.55542e-01  7.21924e-01
6.685e-01  -5.57422e-01  7.22033e-01
6.690e-01  -5.59299e-01  7.22144e-01
6.695e-01  -5.61175e-01  7.22259e-01
6.700e-01  -5.63052e-01  7.22375e-01
6.705e-01  -5.64926e-01  7.22495e-01
6.710e-01  -5.66801e-01  7.22619e-01
6.715e-01  -5.68676e-01  7.22745e-01
6.720e-01  -5.70550e-01  7.22873e-01
6.725e-01  -5.72421e-01  7.23004e-01
6.730e-01  -5.74292e-01  7.23138e-01
6.735e-01  -5.76163e-01  7.23274e-01
6.740e-01  -5.78030e-01  7.23414e-01
6.745e-01  -5.79899e-01  7.23556e-01
6.750e-01  -5.81768e-01  7.23701e-01
6.755e-01  -5.83634e-01  7.23849e-01
6.760e-01  -5.85498e-01  7.23997e-01
6.765e-01  -5.87362e-01  7.24150e-01
6.770e-01  -5.89226e-01  7.24305e-01
6.775e-01  -5.91089e-01  7.24462e-01
6.780e-01  -5.92950e-01  7.24622e-01
6.785e-01  -5.94810e-01  7.24784e-01
6.790e-01  -5.96669e-01  7.24948e-01
6.795e-01  -5.98524e-01  7.25115e-01
6.800e-01  -6.00380e-01  7.25283e-01
6.805e-01  -6.02235e-01  7.25454e-01
6.810e-01  -6.04090e-01  7.25627e-01
6.815e-01  -6.05944e-01  7.25803e-01
6.820e-01  -6.07795e-01  7.25980e-01
6.825e-01  -6.09646e-01  7.26159e-01
6.830e-01  -6.11492e-01  7.26341e-01
6.835e-01  -6.13341e-01  7.26525e-01
6.840e-01  -6.15184e-01  7.26710e-01
6.845e-01  -6.17027e-01  7.26898e-01
6.850e-01  -6.18872e-01  7.27088e-01
6.855e-01  -6.20711e-01  7.27280e-01
6.860e-01  -6.22552e-01  7.27474e-01
6.865e-01  -6.24389e-01  7.27670e-01
6.870e-01  -6.26225e-01  7.27868e-01
6.875e-01  -6.28057e-01  7.28068e-01
6.880e-01  -6.29893e-01  7.28271e-01
6.885e-01  -6.31722e-01  7.28474e-01
6.890e-01  -6.33551e-01  7.28680e-01
6.895e-01  -6.35378e-01  7.28889e-01
6.900e-01  -6.37204e-01  7.29099e-01
6.905e-01  -6.39026e-01  7.29312e-01
6.910e-01  -6.40846e-01  7.29525e-01
6.915e-01  -6.42667e-01  7.29742e-01
6.920e-01  -6.44483e-01  7.29960e-01
6.925e-01  -6.46296e-01  7.30180e-01
6.930e-01  -6.48112e-01  7.30403e-01
6.935e-01  -6.49921e-01  7.30627e-01
6.940e-01  -6.51730e-01  7.30854e-01
6.945e-01  -6.53537e-01  7.31082e-01
6.950e-01  -6.55338e-01  7.31313e-01
6.955e-01  -6.57141e-01  7.31546e-01
6.960e-01  -6.58938e-01  7.31780e-01
6.965e-01  -6.60734e-01  7.32017e-01
6.970e-01  -6.62528e-01  7.32256e-01
6.975e-01  -6.64319e-01  7.32497e-01
6.980e-01  -6.66108e-01  7.32740e-01
6.985e-01  -6.67890e-01  7.32984e-01
6.990e-01  -6.69674e-01  7.33232e-01
6.995e-01  -6.71455e-01  7.33481e-01
7.000e-01  -6.73231e-01  7.33733e-01
7.005e-01  -6.75006e-01  7.33986e-01
7.010e-01  -6.76774e-01  7.34242e-01
7.015e-01  -6.78543e-01  7.34499e-01
7.020e-01  -6.80307e-01  7.34760e-01
7.025e-01  -6.82068e-01  7.35023e-01
7.030e-01  -6.83824e-01  7.35286e-01
7.035e-01  -6.85580e-01  7.35553e-01
7.040e-01  -6.87328e-01  7.35822e-01
7.045e-01  -6.89074e-01  7.36093e-01
7.050e-01  -6.90817e-01  7.36365e-01
7.055e-01  -6.92557e-01  7.36640e-01
7.060e-01  -6.94291e-01  7.36915e-01
7.065e-01  -6.96020e-01  7.37194e-01
7.070e-01  -6.97747e-01  7.37475e-01
7.075e-01  -6.99469e-01  7.37757e-01
7.080e-01  -7.01187e-01  7.38043e-01
7.085e-01  -7.02901e-01  7.38332e-01
7.090e-01  -7.04611e-01  7.38627e-01
7.095e-01  -7.06319e-01  7.38927e-01
7.100e-01  -7.08020e-01  7.39235e-01
7.105e-01  -7.09720e-01  7.39552e-01
7.110e-01  -7.11419e-01  7.39879e-01
7.115e-01  -7.13088e-01  7.40141e-01
7.120e-01  -7.14657e-01  7.40094e-01
7.125e-01  -7.16244e-01  7.40090e-01
7.130e-01  -7.17835e-01  7.40099e-01
7.135e-01  -7.19425e-01  7.40095e-01
7.140e-01  -7.21019e-01  7.40096e-01
7.145e-01  -7.22611e-01  7.40096e-01
7.150e-01  -7.24207e-01  7.40096e-01
7.155e-01  -7.25807e-01  7.40096e-01
7.160e-01  -7.27408e-01  7.40096e-01
7.165e-01  -7.29009e-01  7.40096e-01
7.170e-01  -7.30610e-01  7.40096e-01
7.175e-01  -7.32216e-01  7.40096e-01
7.180e-01  -7.33825e-01  7.40096e-01
7.185e-01  -7.35433e-01  7.40096e-01
7.190e-01  -7.37042e-01  7.40096e-01
7.195e-01  -7.38657e-01  7.40096e-01
7.200e-01  -7.40270e-01  7.40096e-01
7.205e-01  -7.41888e-01  7.40096e-01
7.210e-01  -7.43508e-01  7.40096e-01
7.215e-01  -7.45128e-01  7.40096e-01
7.220e-01  -7.46751e-01  7.40096e-01
7.225e-01  -7.48375e-01  7.40096e-01
7.230e-01  -7.50001e-01  7.40096e-01
7.235e-01  -7.51629e-01  7.40096e-01
7.240e-01  -7.53259e-01  7.40096e-01
7.245e-01  -7.54892e-01  7.40096e-01
7.250e-01  -7.56527e-01  7.40096e-01
7.255e-01  -7.58162e-01  7.40096e-01
7.260e-01  -7.59799e-01  7.40096e-01
7.265e-01  -7.61440e-01  7.40096e-01
7.270e-01  -7.63083e-01  7.40096e-01
7.275e-01  -7.64727e-01  7.40096e-01
7.280e-01  -7.66373e-01  7.40096e-01
7.285e-01  -7.68021e-01  7.40096e-01
7.290e-01  -7.69672e-01  7.40096e-01
7.295e-01  -7.71325e-01  7.40096e-01
7.300e-01  -7.72978e-01  7.40096e-01
7.305e-01  -7.74634e-01  7.40096e-01
7.310e-01  -7.76295e-01  7.40096e-01
7.315e-01  -7.77957e-01  7.40096e-01
7.320e-01  -7.79620e-01  7.40096e-01
7.325e-01  -7.81284e-01  7.40096e-01
7.330e-01  -7.82950e-01  7.40096e-01
7.335e-01  -7.84620e-01  7.40096e-01
7.340e-01  -7.86293e-01  7.40096e-01
7.345e-01  -7.87967e-01  7.40096e-01
7.350e-01  -7.89643e-01  7.40096e-01
7.355e-01  -7.91321e-01  7.40096e-01
7.360e-01  -7.93001e-01  7.40096e-01
7.365e-01  -7.94683e-01  7.40096e-01
7.370e-01  -7.96369e-01  7.40096e-01
7.375e-01  -7.98056e-01  7.40096e-01
7.380e-01  -7.99744e-01  7.40096e-01
7.385e-01  -8.01435e-01  7.40096e-01
7.390e-01  -8.03128e-01  7.40096e-01
7.395e-01  -8.04824e-01  7.40096e-01
7.400e-01  -8.06522e-01  7.40096e-01
7.405e-01  -8.08223e-01  7.40096e-01
7.410e-01  -8.09925e-01  7.40096e-01
7.415e-01  -8.11630e-01  7.40096e-01
7.420e-01  -8.13338e-01  7.40096e-01
7.425e-01  -8.15048e-01  7.40096e-01
7.430e-01  -8.16759e-01  7.40096e-01
7.435e-01  -8.18474e-01  7.40096e-01
7.440e-01  -8.20191e-01  7.40096e-01
7.445e-01  -8.21911e-01  7.40096e-01
7.450e-01  -8.23632e-01  7.40096e-01
7.455e-01  -8.25354e-01  7.40096e-01
7.460e-01  -8.27080e-01  7.40096e-01
7.465e-01  -8.28810e-01  7.40096e-01
7.470e-01  -8.30542e-01  7.40096e-01
7.475e-01  -8.32275e-01  7.40096e-01
7.480e-01  -8.34010e-01  7.40096e-01
7.485e-01  -8.35748e-01  7.40096e-01
7.490e-01  -8.37488e-01  7.40096e-01
7.495e-01  -8.39231e-01  7.40096e-01
7.500e-01  -8.40977e-01  7.40096e-01
7.505e-01  -8.42726e-01  7.40096e-01
7.510e-01  -8.44477e-01  7.40096e-01
7.515e-01  -8.46230e-01  7.40096e-01
7.520e-01  -8.47985e-01  7.40096e-01
7.525e-01  -8.49743e-01  7.40096e-01
7.530e-01  -8.51503e-01  7.40096e-01
7.535e-01  -8.53267e-01  7.40096e-01
7.540e-01  -8.55033e-01  7.40096e-01
7.545e-01  -8.56802e-01  7.40096e-01
7.550e-01  -8.58574e-01  7.40096e-01
7.555e-01  -8.60348e-01  7.40096e-01
7.560e-01  -8.62125e-01  7.40096e-01
7.565e-01  -8.63903e-01  7.40096e-01
7.570e-01  -8.65683e-01  7.40096e-01
7.575e-01  -8.67467e-01  7.40096e-01
7.580e-01  -8.69253e-01  7.40096e-01
7.585e-01  -8.71044e-01  7.40096e-01
7.590e-01  -8.72837e-01  7.40096e-01
7.595e-01  -8.74633e-01  7.40096e-01
7.600e-01  -8.76431e-01  7.40096e-01
7.605e-01  -8.78232e-01  7.40096e-01
7.610e-01  -8.80034e-01  7.40096e-01
7.615e-01  -8.81839e-01  7.40096e-01
7.620e-01  -8.83647e-01  7.40096e-01
7.625e-01  -8.85458e-01  7.40096e-01
7.630e-01  -8.87272e-01  7.40096e-01
7.635e-01  -8.89090e-01  7.40096e-01
7.640e-01  -8.90910e-01  7.40096e-01
7.645e-01  -8.92734e-01  7.40096e-01
7.650e-01  -8.94560e-01  7.40096e-01
7.655e-01  -8.96388e-01  7.40096e-01
7.660e-01  -8.98219e-01  7.40096e-01
7.665e-01  -9.00053e-01  7.40096e-01
7.670e-01  -9.01890e-01  7.40096e-01
7.675e-01  -9.03730e-01  7.40096e-01
7.680e-01  -9.05573e-01  7.40096e-01
7.685e-01  -9.07419e-01  7.40096e-01
7.690e-01  -9.09268e-01  7.40096e-01
7.695e-01  -9.11120e-01  7.40096e-01
7.700e-01  -9.12975e-01  7.40096e-01
7.705e-01  -9.14833e-01  7.40096e-01
7.710e-01  -9.16694e-01  7.40096e-01
7.715e-01  -9.18558e-01  7.40096e-01
7.720e-01  -9.20424e-01  7.40096e-01
7.725e-01  -9.22294e-01  7.40096e-01
7.730e-01  -9.24167e-01  7.40096e-01
7.735e-01  -9.26043e-01  7.40096e-01
7.740e-01  -9.27922e-01  7.40096e-01
7.745e-01  -9.29804e-01  7.40096e-01
7.750e-01  -9.31690e-01  7.40096e-01
7.755e-01  -9.33578e-01  7.40096e-01
7.760e-01  -9.35470e-01  7.40096e-01
7.765e-01  -9.37365e-01  7.40096e-01
7.770e-01  -9.39263e-01  7.40096e-01
7.775e-01  -9.41165e-01  7.40096e-01
7.780e-01  -9.43070e-01  7.40096e-01
7.785e-01  -9.44977e-01  7.40096e-01
7.790e-01  -9.46888e-01  7.40096e-01
7.795e-01  -9.48803e-01  7.40096e-01
7.800e-01  -9.50720e-01  7.40096e-01
7.805e-01  -9.52641e-01  7.40096e-01
7.810e-01  -9.54565e-01  7.40096e-01
7.815e-01  -9.56493e-01  7.40096e-01
7.820e-01  -9.58424e-01  7.40096e-01
7.825e-01  -9.60358e-01  7.40096e-01
7.830e-01  -9.62296e-01  7.40096e-01
7.835e-01  -9.64237e-01  7.40096e-01
7.840e-01  -9.66182e-01  7.40096e-01
7.845e-01  -9.68130e-01  7.40096e-01
7.850e-01  -9.70082e-01  7.40096e-01
7.855e-01  -9.72037e-01  7.40096e-01
7.860e-01  -9.73996e-01  7.40096e-01
7.865e-01  -9.75959e-01  7.40096e-01
7.870e-01  -9.77925e-01  7.40096e-01
7.875e-01  -9.79894e-01  7.40096e-01
7.880e-01  -9.81867e-01  7.40096e-01
7.885e-01  -9.83844e-01  7.40096e-01
7.890e-01  -9.85824e-01  7.40096e-01
7.895e-01  -9.87807e-01  7.40096e-01
7.900e-01  -9.89794e-01  7.40096e-01
7.905e-01  -9.91785e-01  7.40096e-01
7.910e-01  -9.93779e-01  7.40096e-01
7.915e-01  -9.95777e-01  7.40096e-01
7.920e-01  -9.97779e-01  7.40096e-01
7.925e-01  -9.99784e-01  7.40096e-01
7.930e-01  -1.00179e+00  7.40096e-01
7.935e-01  -1.00381e+00  7.40096e-01
7.940e-01  -1.00582e+00  7.40096e-01
7.945e-01  -1.00784e+00  7.40096e-01
7.950e-01  -1.00987e+00  7.40096e-01
7.955e-01  -1.01190e+00  7.40096e-01
7.960e-01  -1.01393e+00  7.40096e-01
7.965e-01  -1.01597e+00  7.40096e-01
7.970e-01  -1.01801e+00  7.40096e-01
7.975e-01  -1.02005e+00  7.40096e-01
7.980e-01  -1.02210e+00  7.40096e-01
7.985e-01  -1.02415e+00  7.40096e-01
7.990e-01  -1.02620e+00  7.40096e-01
7.995e-01  -1.02826e+00  7.40096e-01
8.000e-01  -1.03033e+00  7.40096e-01
8.005e-01  -1.03241e+00  7.40096e-01
8.010e-01  -1.03448e+00  7.40096e-01
8.015e-01  -1.03656e+00  7.40096e-01
8.020e-01  -1.03864e+00  7.40096e-01
8.025e-01  -1.04072e+00  7.40096e-01
8.030e-01  -1.04280e+00  7.40096e-01
8.035e-01  -1.04490e+00  7.40096e-01
8.040e-01  -1.04700e+00  7.40096e-01
8.045e-01  -1.04910e+00  7.40096e-01
8.050e-01  -1.05121e+00  7.40096e-01
8.055e-01  -1.05331e+00  7.40096e-01
8.060e-01  -1.05543e+00  7.40096e-01
8.065e-01  -1.05755e+00  7.40096e-01
8.070e-01  -1.05967e+00  7.40096e-01
8.075e-01  -1.06180e+00  7.40096e-01
8.080e-01  -1.06393e+00  7.40096e-01
8.085e-01  -1.06607e+00  7.40096e-01
8.090e-01  -1.06821e+00  7.40096e-01
8.095e-01  -1.07036e+00  7.40096e-01
8.100e-01  -1.07251e+00  7.40096e-01
8.105e-01  -1.07467e+00  7.40096e-01
8.110e-01  -1.07683e+00  7.40096e-01
8.115e-01  -1.07899e+00  7.40096e-01
8.120e-01  -1.08116e+00  7.40096e-01
8.125e-01  -1.08334e+00  7.40096e-01
8.130e-01  -1.08552e+00  7.40096e-01
8.135e-01  -1.08770e+00  7.40096e-01
8.140e-01  -1.08989e+00  7.40096e-01
8.145e-01  -1.09208e+00  7.40096e-01
8.150e-01  -1.09427e+00  7.40096e-01
8.155e-01  -1.09647e+00  7.40096e-01
8.160e-01  -1.09868e+00  7.40096e-01
8.165e-01  -1.10089e+00  7.40096e-01
8.170e-01  -1.10311e+00  7.40096e-01
8.175e-01  -1.10533e+00  7.40096e-01
8.180e-01  -1.10756e+00  7.40096e-01
8.185e-01  -1.10979e+00  7.40096e-01
8.190e-01  -1.11203e+00  7.40096e-01
8.195e-01  -1.11427e+00  7.40096e-01
8.200e-01  -1.11651e+00  7.40096e-01
8.205e-01  -1.11876e+00  7.40096e-01
8.210e-01  -1.12102e+00  7.40096e-01
8.215e-01  -1.12328e+00  7.40096e-01
8.220e-01  -1.12555e+00  7.40096e-01
8.225e-01  -1.12782e+00  7.40096e-01
8.230e-01  -1.13010e+00  7.40096e-01
8.235e-01  -1.13238e+00  7.40096e-01
8.240e-01  -1.13467e+00  7.40096e-01
8.245e-01  -1.13696e+00  7.40096e-01
8.250e-01  -1.13926e+00  7.40096e-01
8.255e-01  -1.14157e+00  7.40096e-01
8.260e-01  -1.14388e+00  7.40096e-01
8.265e-01  -1.14619e+00  7.40096e-01
8.270e-01  -1.14851e+00  7.40096e-01
8.275e-01  -1.15084e+00  7.40096e-01
8.280e-01  -1.15317e+00  7.40096e-01
8.285e-01  -1.15551e+00  7.40096e-01
8.290e-01  -1.15785e+00  7.40096e-01
8.295e-01  -1.16020e+00  7.40096e-01
8.300e-01  -1.16256e+00  7.40096e-01
8.305e-01  -1.16492e+00  7.40096e-01
8.310e-01  -1.16729e+00  7.40096e-01
8.315e-01  -1.16966e+00  7.40096e-01
8.320e-01  -1.17204e+00  7.40096e-01
8.325e-01  -1.17442e+00  7.40096e-01
8.330e-01  -1.17681e+00  7.40096e-01
8.335e-01  -1.17921e+00  7.40096e-01
8.340e-01  -1.18161e+00  7.40096e-01
8.345e-01  -1.18402e+00  7.40096e-01
8.350e-01  -1.18644e+00  7.40096e-01
8.355e-01  -1.18886e+00  7.40096e-01
8.360e-01  -1.19129e+00  7.40096e-01
8.365e-01  -1.19372e+00  7.40096e-01
8.370e-01  -1.19616e+00  7.40096e-01
8.375e-01  -1.19861e+00  7.40096e-01
8.380e-01  -1.20106e+00  7.40096e-01
8.385e-01  -1.20352e+00  7.40096e-01
8.390e-01  -1.20598e+00  7.40096e-01
8.395e-01  -1.20845e+00  7.40096e-01
8.400e-01  -1.21093e+00  7.40096e-01
8.405e-01  -1.21341e+00  7.40096e-01
8.410e-01  -1.21591e+00  7.40096e-01
8.415e-01  -1.21841e+00  7.40096e-01
8.420e-01  -1.22091e+00  7.40096e-01
8.425e-01  -1.22342e+00  7.40096e-01
8.430e-01  -1.22594e+00  7.40096e-01
8.435e-01  -1.22847e+00  7.40096e-01
8.440e-01  -1.23100e+00  7.40096e-01
8.445e-01  -1.23354e+00  7.40096e-01
8.450e-01  -1.23608e+00  7.40096e-01
8.455e-01  -1.23864e+00  7.40096e-01
8.460e-01  -1.24120e+00  7.40096e-01
8.465e-01  -1.24376e+00  7.40096e-01
8.470e-01  -1.24634e+00  7.40096e-01
8.475e-01  -1.24892e+00  7.40096e-01
8.480e-01  -1.25151e+00  7.40096e-01
8.485e-01  -1.25410e+00  7.40096e-01
8.490e-01  -1.25670e+00  7.40096e-01
8.495e-01  -1.25931e+00  7.40096e-01
8.500e-01  -1.26193e+00  7.40096e-01
8.505e-01  -1.26456e+00  7.40096e-01
8.510e-01  -1.26719e+00  7.40096e-01
8.515e-01  -1.26983e+00  7.40096e-01
8.520e-01  -1.27248e+00  7.40096e-01
8.525e-01  -1.27514e+00  7.40096e-01
8.530e-01  -1.27780e+00  7.40096e-01
8.535e-01  -1.28048e+00  7.40096e-01
8.540e-01  -1.28316e+00  7.40096e-01
8.545e-01  -1.28584e+00  7.40096e-01
8.550e-01  -1.28854e+00  7.40096e-01
8.555e-01  -1.29124e+00  7.40096e-01
8.560e-01  -1.29396e+00  7.40096e-01
8.565e-01  -1.29668e+00  7.40096e-01
8.570e-01  -1.29940e+00  7.40096e-01
8.575e-01  -1.30214e+00  7.40096e-01
8.580e-01  -1.30488e+00  7.40096e-01
8.585e-01  -1.30764e+00  7.40096e-01
8.590e-01  -1.31040e+00  7.40096e-01
8.595e-01  -1.31317e+00  7.40096e-01
8.600e-01  -1.31595e+00  7.40096e-01
8.605e-01  -1.31874e+00  7.40096e-01
8.610e-01  -1.32154e+00  7.40096e-01
8.615e-01  -1.32435e+00  7.40096e-01
8.620e-01  -1.32716e+00  7.40096e-01
8.625e-01  -1.32999e+00  7.40096e-01
8.630e-01  -1.33282e+00  7.40096e-01
8.635e-01  -1.33566e+00  7.40096e-01
8.640e-01  -1.33851e+00  7.40096e-01
8.645e-01  -1.34138e+00  7.40096e-01
8.650e-01  -1.34425e+00  7.40096e-01
8.655e-01  -1.34713e+00  7.40096e-01
8.660e-01  -1.35002e+00  7.40096e-01
8.665e-01  -1.35292e+00  7.40096e-01
8.670e-01  -1.35583e+00  7.40096e-01
8.675e-01  -1.35875e+00  7.40096e-01
8.680e-01  -1.36168e+00  7.40096e-01
8.685e-01  -1.36461e+00  7.40096e-01
8.690e-01  -1.36756e+00  7.40096e-01
8.695e-01  -1.37052e+00  7.40096e-01
8.700e-01  -1.37349e+00  7.40096e-01
8.705e-01  -1.37647e+00  7.40096e-01
8.710e-01  -1.37946e+00  7.40096e-01
8.715e-01  -1.38246e+00  7.40096e-01
8.720e-01  -1.38547e+00  7.40096e-01
8.725e-01  -1.38849e+00  7.40096e-01
8.730e-01  -1.39152e+00  7.40096e-01
8.735e-01  -1.39456e+00  7.40096e-01
8.740e-01  -1.39762e+00  7.40096e-01
8.745e-01  -1.40068e+00  7.40096e-01
8.750e-01  -1.40375e+00  7.40096e-01
8.755e-01  -1.40683e+00  7.40096e-01
8.760e-01  -1.40993e+00  7.40096e-01
8.765e-01  -1.41305e+00  7.40096e-01
8.770e-01  -1.41617e+00  7.40096e-01
8.775e-01  -1.41930e+00  7.40096e-01
8.780e-01  -1.42244e+00  7.40096e-01
8.785e-01  -1.42560e+00  7.40096e-01
8.790e-01  -1.42876e+00  7.40096e-01
8.795e-01  -1.43194e+00  7.40096e-01
8.800e-01  -1.43513e+00  7.40096e-01
8.805e-01  -1.43833e+00  7.40096e-01
8.810e-01  -1.44154e+00  7.40096e-01
8.815e-01  -1.44477e+00  7.40096e-01
8.820e-01  -1.44801e+00  7.40096e-01
8.825e-01  -1.45126e+00  7.40096e-01
8.830e-01  -1.45453e+00  7.40096e-01
8.835e-01  -1.45781e+00  7.40096e-01
8.840e-01  -1.46110e+00  7.40096e-01
8.845e-01  -1.46441e+00  7.40096e-01
8.850e-01  -1.46772e+00  7.40096e-01
8.855e-01  -1.47104e+00  7.40096e-01
8.860e-01  -1.47439e+00  7.40096e-01
8.865e-01  -1.47775e+00  7.40096e-01
8.870e-01  -1.48112e+00  7.40096e-01
8.875e-01  -1.48451e+00  7.40096e-01
8.880e-01  -1.48790e+00  7.40096e-01
8.885e-01  -1.49131e+00  7.40096e-01
8.890e-01  -1.49473e+00  7.40096e-01
8.895e-01  -1.49818e+00  7.40096e-01
8.900e-01  -1.50163e+00  7.40096e-01
8.905e-01  -1.50510e+00  7.40096e-01
8.910e-01  -1.50859e+00  7.40096e-01
8.915e-01  -1.51209e+00  7.40096e-01
8.920e-01  -1.51560e+00  7.40096e-01
8.925e-01  -1.51913e+00  7.40096e-01
8.930e-01  -1.52267e+00  7.40096e-01
8.935e-01  -1.52624e+00  7.40096e-01
8.940e-01  -1.52981e+00  7.40096e-01
8.945e-01  -1.53340e+00  7.40096e-01
8.950e-01  -1.53701e+00  7.40096e-01
8.955e-01  -1.54064e+00  7.40096e-01
8.960e-01  -1.54428e+00  7.40096e-01
8.965e-01  -1.54793e+00  7.40096e-01
8.970e-01  -1.55160e+00  7.40096e-01
8.975e-01  -1.55529e+00  7.40096e-01
8.980e-01  -1.55900e+00  7.40096e-01
8.985e-01  -1.56272e+00  7.40096e-01
8.990e-01  -1.56646e+00  7.40096e-01
8.995e-01  -1.57022e+00  7.40096e-01
9.000e-01  -1.57400e+00  7.40096e-01
9.005e-01  -1.57780e+00  7.40096e-01
9.010e-01  -1.58161e+00  7.40096e-01
9.015e-01  -1.58544e+00  7.40096e-01
9.020e-01  -1.58929e+00  7.40096e-01
9.025e-01  -1.59316e+00  7.40096e-01
9.030e-01  -1.59704e+00  7.40096e-01
9.035e-01  -1.60095e+00  7.40096e-01
9.040e-01  -1.60487e+00  7.40096e-01
9.045e-01  -1.60882e+00  7.40096e-01
9.050e-01  -1.61278e+00  7.40096e-01
9.055e-01  -1.61676e+00  7.40096e-01
9.060e-01  -1.62077e+00  7.40096e-01
9.065e-01  -1.62479e+00  7.40096e-01
9.070e-01  -1.62884e+00  7.40096e-01
9.075e-01  -1.63291e+00  7.40096e-01
9.080e-01  -1.63699e+00  7.40096e-01
9.085e-01  -1.64110e+00  7.40096e-01
9.090e-01  -1.64523e+00  7.40096e-01
9.095e-01  -1.64939e+00  7.40096e-01
9.100e-01  -1.65356e+00  7.40096e-01
9.105e-01  -1.65776e+00  7.40096e-01
9.110e-01  -1.66198e+00  7.40096e-01
9.115e-01  -1.66622e+00  7.40096e-01
9.120e-01  -1.67048e+00  7.40096e-01
9.125e-01  -1.67477e+00  7.40096e-01
9.130e-01  -1.67908e+00  7.40096e-01
9.135e-01  -1.68341e+00  7.40096e-01
9.140e-01  -1.68778e+00  7.40096e-01
9.145e-01  -1.69216e+00  7.40096e-01
9.150e-01  -1.69658e+00  7.40096e-01
9.155e-01  -1.70102e+00  7.40096e-01
9.160e-01  -1.70547e+00  7.40096e-01
9.165e-01  -1.70995e+00  7.40096e-01
9.170e-01  -1.71447e+00  7.40096e-01
9.175e-01  -1.71901e+00  7.40096e-01
9.180e-01  -1.72358e+00  7.40096e-01
9.185e-01  -1.72817e+00  7.40096e-01
9.190e-01  -1.73280e+00  7.40096e-01
9.195e-01  -1.73745e+00  7.40096e-01
9.200e-01  -1.74212e+00  7.40096e-01
9.205e-01  -1.74683e+00  7.40096e-01
9.210e-01  -1.75157e+00  7.40096e-01
9.215e-01  -1.75634e+00  7.40096e-01
9.220e-01  -1.76113e+00  7.40096e-01
9.225e-01  -1.76596e+00  7.40096e-01
9.230e-01  -1.77082e+00  7.40096e-01
9.235e-01  -1.77571e+00  7.40096e-01
9.240e-01  -1.78063e+00  7.40096e-01
9.245e-01  -1.78558e+00  7.40096e-01
9.250e-01  -1.79057e+00  7.40096e-01
9.255e-01  -1.79560e+00  7.40096e-01
9.260e-01  -1.80065e+00  7.40096e-01
9.265e-01  -1.80573e+00  7.40096e-01
9.270e-01  -1.81085e+00  7.40096e-01
9.275e-01  -1.81601e+00  7.40096e-01
9.280e-01  -1.82120e+00  7.40096e-01
9.285e-01  -1.82643e+00  7.40096e-01
9.290e-01  -1.83171e+00  7.40096e-01
9.295e-01  -1.83701e+00  7.40096e-01
9.300e-01  -1.84235e+00  7.40096e-01
9.305e-01  -1.84773e+00  7.40096e-01
9.310e-01  -1.85315e+00  7.40096e-01
9.315e-01  -1.85860e+00  7.40096e-01
9.320e-01  -1.86410e+00  7.40096e-01
9.325e-01  -1.86965e+00  7.40096e-01
9.330e-01  -1.87523e+00  7.40096e-01
9.335e-01  -1.88086e+00  7.40096e-01
9.340e-01  -1.88653e+00  7.40096e-01
9.345e-01  -1.89223e+00  7.40096e-01
9.350e-01  -1.89798e+00  7.40096e-01
9.355e-01  -1.90379e+00  7.40096e-01
9.360e-01  -1.90964e+00  7.40096e-01
9.365e-01  -1.91554e+00  7.40096e-01
9.370e-01  -1.92149e+00  7.40096e-01
9.375e-01  -1.92747e+00  7.40096e-01
9.380e-01  -1.93351e+00  7.40096e-01
9.385e-01  -1.93961e+00  7.40096e-01
9.390e-01  -1.94575e+00  7.40096e-01
9.395e-01  -1.95194e+00  7.40096e-01
9.400e-01  -1.95819e+00  7.40096e-01
9.405e-01  -1.96449e+00  7.40096e-01
9.410e-01  -1.97085e+00  7.40096e-01
9.415e-01  -1.97726e+00  7.40096e-01
9.420e-01  -1.98373e+00  7.40096e-01
9.425e-01  -1.99026e+00  7.40096e-01
9.430e-01  -1.99685e+00  7.40096e-01
9.435e-01  -2.00349e+00  7.40096e-01
9.440e-01  -2.01020e+00  7.40096e-01
9.445e-01  -2.01697e+00  7.40096e-01
9.450e-01  -2.02382e+00  7.40096e-01
9.455e-01  -2.03072e+00  7.40096e-01
9.460e-01  -2.03768e+00  7.40096e-01
9.465e-01  -2.04471e+00  7.40096e-01
9.470e-01  -2.05182e+00  7.40096e-01
9.475e-01  -2.05900e+00  7.40096e-01
9.480e-01  -2.06626e+00  7.40096e-01
9.485e-01  -2.07358e+00  7.40096e-01
9.490e-01  -2.08099e+00  7.40096e-01
9.495e-01  -2.08847e+00  7.40096e-01
9.500e-01  -2.09603e+00  7.40096e-01
9.505e-01  -2.10367e+00  7.40096e-01
9.510e-01  -2.11141e+00  7.40096e-01
9.515e-01  -2.11922e+00  7.40096e-01
9.520e-01  -2.12712e+00  7.40096e-01
9.525e-01  -2.13510e+00  7.40096e-01
9.530e-01  -2.14318e+00  7.40096e-01
9.535e-01  -2.15135e+00  7.40096e-01
9.540e-01  -2.15963e+00  7.40096e-01
9.545e-01  -2.16799e+00  7.40096e-01
9.550e-01  -2.17646e+00  7.40096e-01
9.555e-01  -2.18504e+00  7.40096e-01
9.560e-01  -2.19372e+00  7.40096e-01
9.565e-01  -2.20251e+00  7.40096e-01
9.570e-01  -2.21142e+00  7.40096e-01
9.575e-01  -2.22044e+00  7.40096e-01
9.580e-01  -2.22957e+00  7.40096e-01
9.585e-01  -2.23883e+00  7.40096e-01
9.590e-01  -2.24822e+00  7.40096e-01
9.595e-01  -2.25774e+00  7.40096e-01
9.600e-01  -2.26738e+00  7.40096e-01
9.605e-01  -2.27715e+00  7.40096e-01
9.610e-01  -2.28708e+00  7.40096e-01
9.615e-01  -2.29713e+00  7.40096e-01
9.620e-01  -2.30734e+00  7.40096e-01
9.625e-01  -2.31772e+00  7.40096e-01
9.630e-01  -2.32824e+00  7.40096e-01
9.635e-01  -2.33893e+00  7.40096e-01
9.640e-01  -2.34980e+00  7.40096e-01
9.645e-01  -2.36084e+00  7.40096e-01
9.650e-01  -2.37205e+00  7.40096e-01
9.655e-01  -2.38345e+00  7.40096e-01
9.660e-01  -2.39507e+00  7.40096e-01
9.665e-01  -2.40686e+00  7.40096e-01
9.670e-01  -2.41887e+00  7.40096e-01
9.675e-01  -2.43109e+00  7.40096e-01
9.680e-01  -2.44355e+00  7.40096e-01
9.685e-01  -2.45622e+00  7.40096e-01
9.690e-01  -2.46914e+00  7.40096e-01
9.695e-01  -2.48233e+00  7.40096e-01
9.700e-01  -2.49574e+00  7.40096e-01
9.705e-01  -2.50945e+00  7.40096e-01
9.710e-01  -2.52342e+00  7.40096e-01
9.715e-01  -2.53770e+00  7.40096e-01
9.720e-01  -2.55229e+00  7.40096e-01
9.725e-01  -2.56718e+00  7.40096e-01
9.730e-01  -2.58241e+00  7.40096e-01
9.735e-01  -2.59799e+00  7.40096e-01
9.740e-01  -2.61389e+00  7.40096e-01
9.745e-01  -2.63023e+00  7.40096e-01
9.750e-01  -2.64689e+00  7.40096e-01
9.755e-01  -2.66402e+00  7.40096e-01
9.760e-01  -2.68155e+00  7.40096e-01
9.765e-01  -2.69951e+00  7.40096e-01
9.770e-01  -2.71797e+00  7.40096e-01
9.775e-01  -2.73688e+00  7.40096e-01
9.780e-01  -2.75627e+00  7.40096e-01
9.785e-01  -2.77618e+00  7.40096e-01
9.790e-01  -2.79669e+00  7.40096e-01
9.795e-01  -2.81770e+00  7.40096e-01
9.800e-01  -2.83936e+00  7.40096e-01
9.805e-01  -2.86157e+00  7.40096e-01
9.810e-01  -2.88444e+00  7.40096e-01
9.815e-01  -2.90800e+00  7.40096e-01
9.820e-01  -2.93224e+00  7.40096e-01
9.825e-01  -2.95721e+00  7.40096e-01
9.830e-01  -2.98297e+00  7.40096e-01
9.835e-01  -3.00962e+00  7.40096e-01
9.840e-01  -3.03715e+00  7.40096e-01
9.845e-01  -3.06569e+00  7.40096e-01
9.850e-01  -3.09534e+00  7.40096e-01
9.855e-01  -3.12617e+00  7.40096e-01
9.860e-01  -3.15840e+00  7.40096e-01
9.865e-01  -3.19214e+00  7.40096e-01
9.870e-01  -3.22757e+00  7.40096e-01
9.875e-01  -3.26502e+00  7.40096e-01
9.880e-01  -3.30461e+00  7.40096e-01
9.885e-01  -3.34666e+00  7.40096e-01
9.890e-01  -3.39157e+00  7.40096e-01
9.895e-01  -3.43962e+00  7.40096e-01
9.900e-01  -3.49134e+00  7.40096e-01
9.905e-01  -3.54689e+00  7.40096e-01
9.910e-01  -3.60708e+00  7.40096e-01
9.915e-01  -3.67203e+00  7.40096e-01
9.920e-01  -3.74256e+00  7.40096e-01
9.925e-01  -3.81913e+00  7.40096e-01
9.930e-01  -3.90245e+00  7.40096e-01
9.935e-01  -3.99319e+00  7.40096e-01
9.940e-01  -4.09248e+00  7.40096e-01
9.945e-01  -4.20170e+00  7.40096e-01
9.950e-01  -4.32189e+00  7.40096e-01
9.955e-01  -4.45495e+00  7.40096e-01
9.960e-01  -4.60257e+00  7.40096e-01
9.965e-01  -4.76754e+00  7.40096e-01
9.970e-01  -4.95187e+00  7.40096e-01
9.975e-01  -5.15924e+00  7.40096e-01
9.980e-01  -5.39427e+00  7.40096e-01
9.985e-01  -5.66227e+00  7.40096e-01
9.990e-01  -5.97332e+00  7.40096e-01
9.995e-01  -6.33847e+00  7.40096e-01
1.000e+00  -6.77651e+00  7.40096e-01
