# Magnus solar model B23-C11
#
# Reference:  Y. Herrera and A. Serenelli, "Standard Solar Models B23 / SF-III", Zenodo, v1.2 (2023), doi:10.5281/zenodo.10822316; solar composition Caffau et al. (2011), Sol. Phys., 268, 255
# Source:     https://zenodo.org/records/10822316/files/SolarModels_ICE2023_v1.2.zip
# Original:   SolarModels/struct+nu_SF3_C11.dat
# Retrieved:  2026-09-23
# SHA-256:    382037d76ed35c9b50a4094d3ada3c90284af025c3235b49cda9d932699f87d0 (of SolarModels_ICE2023_v1.2.zip)
# Terms:      Creative Commons Attribution 4.0 International (CC-BY-4.0).
# Modified:   columns extracted only -- radius [R_sun], log10_rho_g_per_cm3, hydrogen mass fraction X --
#             each value copied from the original as written; nothing recomputed or rounded.
#             Built by tools/build_solar_model_tables.py.
# density_column: log10_rho_g_per_cm3
#
# The original header follows, as the authors wrote it:
#
#    #     R_sun        mass_sun           L_sun            logR            logT            logP          logRho          Csound              dm           nu_pp          nu_pep          nu_hep          nu_7Be           nu_8B          nu_13N          nu_15O          nu_17F          log_ne              H1             He4             He3             C12             C13             N14             N15             O16             O17             O18              Ne              Na              Mg              Al              Si               P               S              Cl              Ar               K              Ca              Sc              Ti               V              Cr              Mn              Fe              Co              Ni
#
# r_over_r_sun  log10_rho_g_per_cm3  x_hydrogen
0.000e+00  2.17306e+00  3.56229e-01
5.000e-04  2.17303e+00  3.56258e-01
1.000e-03  2.17301e+00  3.56274e-01
1.500e-03  2.17298e+00  3.56295e-01
2.000e-03  2.17293e+00  3.56340e-01
2.500e-03  2.17286e+00  3.56401e-01
3.000e-03  2.17277e+00  3.56479e-01
3.500e-03  2.17267e+00  3.56573e-01
4.000e-03  2.17255e+00  3.56681e-01
4.500e-03  2.17241e+00  3.56805e-01
5.000e-03  2.17225e+00  3.56942e-01
5.500e-03  2.17209e+00  3.57095e-01
6.000e-03  2.17190e+00  3.57262e-01
6.500e-03  2.17170e+00  3.57444e-01
7.000e-03  2.17148e+00  3.57641e-01
7.500e-03  2.17125e+00  3.57852e-01
8.000e-03  2.17100e+00  3.58077e-01
8.500e-03  2.17073e+00  3.58317e-01
9.000e-03  2.17045e+00  3.58571e-01
9.500e-03  2.17015e+00  3.58840e-01
1.000e-02  2.16984e+00  3.59122e-01
1.050e-02  2.16951e+00  3.59420e-01
1.100e-02  2.16917e+00  3.59731e-01
1.150e-02  2.16881e+00  3.60057e-01
1.200e-02  2.16843e+00  3.60396e-01
1.250e-02  2.16804e+00  3.60750e-01
1.300e-02  2.16763e+00  3.61117e-01
1.350e-02  2.16720e+00  3.61499e-01
1.400e-02  2.16677e+00  3.61895e-01
1.450e-02  2.16631e+00  3.62305e-01
1.500e-02  2.16585e+00  3.62727e-01
1.550e-02  2.16536e+00  3.63164e-01
1.600e-02  2.16486e+00  3.63615e-01
1.650e-02  2.16435e+00  3.64079e-01
1.700e-02  2.16382e+00  3.64557e-01
1.750e-02  2.16327e+00  3.65048e-01
1.800e-02  2.16271e+00  3.65553e-01
1.850e-02  2.16213e+00  3.66071e-01
1.900e-02  2.16155e+00  3.66602e-01
1.950e-02  2.16094e+00  3.67148e-01
2.000e-02  2.16032e+00  3.67705e-01
2.050e-02  2.15968e+00  3.68276e-01
2.100e-02  2.15904e+00  3.68859e-01
2.150e-02  2.15838e+00  3.69456e-01
2.200e-02  2.15769e+00  3.70066e-01
2.250e-02  2.15701e+00  3.70688e-01
2.300e-02  2.15630e+00  3.71322e-01
2.350e-02  2.15558e+00  3.71970e-01
2.400e-02  2.15485e+00  3.72629e-01
2.450e-02  2.15410e+00  3.73301e-01
2.500e-02  2.15333e+00  3.73986e-01
2.550e-02  2.15255e+00  3.74683e-01
2.600e-02  2.15177e+00  3.75392e-01
2.650e-02  2.15097e+00  3.76113e-01
2.700e-02  2.15015e+00  3.76845e-01
2.750e-02  2.14931e+00  3.77589e-01
2.800e-02  2.14847e+00  3.78345e-01
2.850e-02  2.14761e+00  3.79113e-01
2.900e-02  2.14674e+00  3.79892e-01
2.950e-02  2.14586e+00  3.80684e-01
3.000e-02  2.14497e+00  3.81486e-01
3.050e-02  2.14405e+00  3.82298e-01
3.100e-02  2.14313e+00  3.83123e-01
3.150e-02  2.14219e+00  3.83958e-01
3.200e-02  2.14125e+00  3.84804e-01
3.250e-02  2.14029e+00  3.85660e-01
3.300e-02  2.13931e+00  3.86529e-01
3.350e-02  2.13833e+00  3.87407e-01
3.400e-02  2.13733e+00  3.88294e-01
3.450e-02  2.13632e+00  3.89193e-01
3.500e-02  2.13530e+00  3.90102e-01
3.550e-02  2.13426e+00  3.91021e-01
3.600e-02  2.13322e+00  3.91950e-01
3.650e-02  2.13216e+00  3.92888e-01
3.700e-02  2.13110e+00  3.93837e-01
3.750e-02  2.13001e+00  3.94794e-01
3.800e-02  2.12892e+00  3.95762e-01
3.850e-02  2.12782e+00  3.96739e-01
3.900e-02  2.12671e+00  3.97725e-01
3.950e-02  2.12559e+00  3.98720e-01
4.000e-02  2.12445e+00  3.99723e-01
4.050e-02  2.12330e+00  4.00736e-01
4.100e-02  2.12214e+00  4.01758e-01
4.150e-02  2.12097e+00  4.02789e-01
4.200e-02  2.11978e+00  4.03828e-01
4.250e-02  2.11859e+00  4.04874e-01
4.300e-02  2.11739e+00  4.05929e-01
4.350e-02  2.11617e+00  4.06993e-01
4.400e-02  2.11494e+00  4.08064e-01
4.450e-02  2.11371e+00  4.09143e-01
4.500e-02  2.11247e+00  4.10230e-01
4.550e-02  2.11121e+00  4.11323e-01
4.600e-02  2.10995e+00  4.12424e-01
4.650e-02  2.10867e+00  4.13533e-01
4.700e-02  2.10739e+00  4.14649e-01
4.750e-02  2.10610e+00  4.15773e-01
4.800e-02  2.10480e+00  4.16902e-01
4.850e-02  2.10348e+00  4.18038e-01
4.900e-02  2.10216e+00  4.19181e-01
4.950e-02  2.10084e+00  4.20330e-01
5.000e-02  2.09950e+00  4.21487e-01
5.050e-02  2.09815e+00  4.22649e-01
5.100e-02  2.09680e+00  4.23817e-01
5.150e-02  2.09543e+00  4.24992e-01
5.200e-02  2.09406e+00  4.26171e-01
5.250e-02  2.09268e+00  4.27357e-01
5.300e-02  2.09129e+00  4.28548e-01
5.350e-02  2.08989e+00  4.29745e-01
5.400e-02  2.08849e+00  4.30948e-01
5.450e-02  2.08708e+00  4.32156e-01
5.500e-02  2.08565e+00  4.33369e-01
5.550e-02  2.08422e+00  4.34586e-01
5.600e-02  2.08279e+00  4.35809e-01
5.650e-02  2.08134e+00  4.37036e-01
5.700e-02  2.07989e+00  4.38268e-01
5.750e-02  2.07843e+00  4.39504e-01
5.800e-02  2.07697e+00  4.40745e-01
5.850e-02  2.07549e+00  4.41989e-01
5.900e-02  2.07401e+00  4.43237e-01
5.950e-02  2.07253e+00  4.44490e-01
6.000e-02  2.07104e+00  4.45747e-01
6.050e-02  2.06954e+00  4.47007e-01
6.100e-02  2.06803e+00  4.48271e-01
6.150e-02  2.06651e+00  4.49538e-01
6.200e-02  2.06499e+00  4.50809e-01
6.250e-02  2.06346e+00  4.52083e-01
6.300e-02  2.06193e+00  4.53360e-01
6.350e-02  2.06039e+00  4.54640e-01
6.400e-02  2.05885e+00  4.55923e-01
6.450e-02  2.05730e+00  4.57209e-01
6.500e-02  2.05574e+00  4.58496e-01
6.550e-02  2.05418e+00  4.59787e-01
6.600e-02  2.05261e+00  4.61081e-01
6.650e-02  2.05103e+00  4.62376e-01
6.700e-02  2.04944e+00  4.63674e-01
6.750e-02  2.04786e+00  4.64974e-01
6.800e-02  2.04627e+00  4.66275e-01
6.850e-02  2.04467e+00  4.67579e-01
6.900e-02  2.04306e+00  4.68884e-01
6.950e-02  2.04145e+00  4.70190e-01
7.000e-02  2.03984e+00  4.71499e-01
7.050e-02  2.03823e+00  4.72809e-01
7.100e-02  2.03660e+00  4.74119e-01
7.150e-02  2.03497e+00  4.75431e-01
7.200e-02  2.03334e+00  4.76744e-01
7.250e-02  2.03170e+00  4.78058e-01
7.300e-02  2.03006e+00  4.79373e-01
7.350e-02  2.02841e+00  4.80688e-01
7.400e-02  2.02676e+00  4.82004e-01
7.450e-02  2.02510e+00  4.83320e-01
7.500e-02  2.02344e+00  4.84637e-01
7.550e-02  2.02177e+00  4.85954e-01
7.600e-02  2.02011e+00  4.87270e-01
7.650e-02  2.01843e+00  4.88588e-01
7.700e-02  2.01676e+00  4.89904e-01
7.750e-02  2.01507e+00  4.91221e-01
7.800e-02  2.01338e+00  4.92538e-01
7.850e-02  2.01169e+00  4.93854e-01
7.900e-02  2.01000e+00  4.95170e-01
7.950e-02  2.00831e+00  4.96485e-01
8.000e-02  2.00660e+00  4.97799e-01
8.050e-02  2.00489e+00  4.99112e-01
8.100e-02  2.00318e+00  5.00425e-01
8.150e-02  2.00148e+00  5.01737e-01
8.200e-02  1.99976e+00  5.03048e-01
8.250e-02  1.99804e+00  5.04357e-01
8.300e-02  1.99631e+00  5.05665e-01
8.350e-02  1.99459e+00  5.06972e-01
8.400e-02  1.99286e+00  5.08277e-01
8.450e-02  1.99113e+00  5.09580e-01
8.500e-02  1.98939e+00  5.10882e-01
8.550e-02  1.98765e+00  5.12182e-01
8.600e-02  1.98590e+00  5.13480e-01
8.650e-02  1.98416e+00  5.14777e-01
8.700e-02  1.98242e+00  5.16071e-01
8.750e-02  1.98066e+00  5.17362e-01
8.800e-02  1.97891e+00  5.18653e-01
8.850e-02  1.97715e+00  5.19940e-01
8.900e-02  1.97539e+00  5.21226e-01
8.950e-02  1.97363e+00  5.22508e-01
9.000e-02  1.97186e+00  5.23788e-01
9.050e-02  1.97010e+00  5.25066e-01
9.100e-02  1.96833e+00  5.26341e-01
9.150e-02  1.96655e+00  5.27613e-01
9.200e-02  1.96478e+00  5.28882e-01
9.250e-02  1.96300e+00  5.30149e-01
9.300e-02  1.96122e+00  5.31412e-01
9.350e-02  1.95944e+00  5.32672e-01
9.400e-02  1.95765e+00  5.33930e-01
9.450e-02  1.95586e+00  5.35184e-01
9.500e-02  1.95408e+00  5.36434e-01
9.550e-02  1.95228e+00  5.37681e-01
9.600e-02  1.95048e+00  5.38926e-01
9.650e-02  1.94869e+00  5.40166e-01
9.700e-02  1.94689e+00  5.41403e-01
9.750e-02  1.94509e+00  5.42637e-01
9.800e-02  1.94329e+00  5.43866e-01
9.850e-02  1.94148e+00  5.45092e-01
9.900e-02  1.93968e+00  5.46315e-01
9.950e-02  1.93787e+00  5.47534e-01
1.000e-01  1.93606e+00  5.48747e-01
1.005e-01  1.93425e+00  5.49958e-01
1.010e-01  1.93243e+00  5.51165e-01
1.015e-01  1.93061e+00  5.52369e-01
1.020e-01  1.92880e+00  5.53568e-01
1.025e-01  1.92698e+00  5.54761e-01
1.030e-01  1.92516e+00  5.55952e-01
1.035e-01  1.92333e+00  5.57139e-01
1.040e-01  1.92151e+00  5.58322e-01
1.045e-01  1.91968e+00  5.59499e-01
1.050e-01  1.91785e+00  5.60671e-01
1.055e-01  1.91602e+00  5.61841e-01
1.060e-01  1.91418e+00  5.63007e-01
1.065e-01  1.91235e+00  5.64166e-01
1.070e-01  1.91052e+00  5.65322e-01
1.075e-01  1.90867e+00  5.66473e-01
1.080e-01  1.90684e+00  5.67621e-01
1.085e-01  1.90500e+00  5.68762e-01
1.090e-01  1.90316e+00  5.69899e-01
1.095e-01  1.90131e+00  5.71033e-01
1.100e-01  1.89947e+00  5.72160e-01
1.105e-01  1.89762e+00  5.73283e-01
1.110e-01  1.89577e+00  5.74402e-01
1.115e-01  1.89392e+00  5.75513e-01
1.120e-01  1.89207e+00  5.76622e-01
1.125e-01  1.89021e+00  5.77726e-01
1.130e-01  1.88837e+00  5.78825e-01
1.135e-01  1.88651e+00  5.79919e-01
1.140e-01  1.88465e+00  5.81007e-01
1.145e-01  1.88279e+00  5.82090e-01
1.150e-01  1.88093e+00  5.83169e-01
1.155e-01  1.87907e+00  5.84241e-01
1.160e-01  1.87721e+00  5.85309e-01
1.165e-01  1.87534e+00  5.86374e-01
1.170e-01  1.87348e+00  5.87432e-01
1.175e-01  1.87162e+00  5.88484e-01
1.180e-01  1.86974e+00  5.89532e-01
1.185e-01  1.86788e+00  5.90573e-01
1.190e-01  1.86601e+00  5.91610e-01
1.195e-01  1.86414e+00  5.92641e-01
1.200e-01  1.86226e+00  5.93667e-01
1.205e-01  1.86038e+00  5.94690e-01
1.210e-01  1.85851e+00  5.95705e-01
1.215e-01  1.85663e+00  5.96715e-01
1.220e-01  1.85475e+00  5.97721e-01
1.225e-01  1.85287e+00  5.98721e-01
1.230e-01  1.85099e+00  5.99715e-01
1.235e-01  1.84911e+00  6.00703e-01
1.240e-01  1.84723e+00  6.01685e-01
1.245e-01  1.84535e+00  6.02663e-01
1.250e-01  1.84345e+00  6.03637e-01
1.255e-01  1.84157e+00  6.04603e-01
1.260e-01  1.83968e+00  6.05563e-01
1.265e-01  1.83778e+00  6.06519e-01
1.270e-01  1.83589e+00  6.07470e-01
1.275e-01  1.83400e+00  6.08415e-01
1.280e-01  1.83211e+00  6.09354e-01
1.285e-01  1.83020e+00  6.10289e-01
1.290e-01  1.82830e+00  6.11217e-01
1.295e-01  1.82641e+00  6.12139e-01
1.300e-01  1.82451e+00  6.13055e-01
1.305e-01  1.82261e+00  6.13967e-01
1.310e-01  1.82071e+00  6.14872e-01
1.315e-01  1.81880e+00  6.15774e-01
1.320e-01  1.81690e+00  6.16670e-01
1.325e-01  1.81500e+00  6.17558e-01
1.330e-01  1.81309e+00  6.18441e-01
1.335e-01  1.81117e+00  6.19321e-01
1.340e-01  1.80927e+00  6.20193e-01
1.345e-01  1.80736e+00  6.21060e-01
1.350e-01  1.80544e+00  6.21923e-01
1.355e-01  1.80353e+00  6.22779e-01
1.360e-01  1.80162e+00  6.23628e-01
1.365e-01  1.79971e+00  6.24473e-01
1.370e-01  1.79779e+00  6.25314e-01
1.375e-01  1.79587e+00  6.26148e-01
1.380e-01  1.79396e+00  6.26976e-01
1.385e-01  1.79203e+00  6.27799e-01
1.390e-01  1.79011e+00  6.28616e-01
1.395e-01  1.78819e+00  6.29428e-01
1.400e-01  1.78626e+00  6.30235e-01
1.405e-01  1.78434e+00  6.31036e-01
1.410e-01  1.78242e+00  6.31832e-01
1.415e-01  1.78048e+00  6.32623e-01
1.420e-01  1.77855e+00  6.33409e-01
1.425e-01  1.77662e+00  6.34188e-01
1.430e-01  1.77470e+00  6.34961e-01
1.435e-01  1.77276e+00  6.35732e-01
1.440e-01  1.77083e+00  6.36496e-01
1.445e-01  1.76889e+00  6.37254e-01
1.450e-01  1.76695e+00  6.38007e-01
1.455e-01  1.76502e+00  6.38755e-01
1.460e-01  1.76308e+00  6.39498e-01
1.465e-01  1.76113e+00  6.40236e-01
1.470e-01  1.75919e+00  6.40968e-01
1.475e-01  1.75725e+00  6.41696e-01
1.480e-01  1.75530e+00  6.42418e-01
1.485e-01  1.75336e+00  6.43135e-01
1.490e-01  1.75141e+00  6.43847e-01
1.495e-01  1.74945e+00  6.44555e-01
1.500e-01  1.74750e+00  6.45256e-01
1.505e-01  1.74555e+00  6.45952e-01
1.510e-01  1.74360e+00  6.46643e-01
1.515e-01  1.74164e+00  6.47330e-01
1.520e-01  1.73968e+00  6.48012e-01
1.525e-01  1.73772e+00  6.48689e-01
1.530e-01  1.73576e+00  6.49361e-01
1.535e-01  1.73381e+00  6.50027e-01
1.540e-01  1.73184e+00  6.50689e-01
1.545e-01  1.72988e+00  6.51346e-01
1.550e-01  1.72791e+00  6.51997e-01
1.555e-01  1.72594e+00  6.52644e-01
1.560e-01  1.72396e+00  6.53286e-01
1.565e-01  1.72200e+00  6.53923e-01
1.570e-01  1.72002e+00  6.54555e-01
1.575e-01  1.71805e+00  6.55181e-01
1.580e-01  1.71607e+00  6.55804e-01
1.585e-01  1.71409e+00  6.56422e-01
1.590e-01  1.71212e+00  6.57034e-01
1.595e-01  1.71013e+00  6.57641e-01
1.600e-01  1.70816e+00  6.58244e-01
1.605e-01  1.70617e+00  6.58843e-01
1.610e-01  1.70418e+00  6.59436e-01
1.615e-01  1.70219e+00  6.60025e-01
1.620e-01  1.70020e+00  6.60608e-01
1.625e-01  1.69821e+00  6.61186e-01
1.630e-01  1.69622e+00  6.61760e-01
1.635e-01  1.69423e+00  6.62329e-01
1.640e-01  1.69223e+00  6.62894e-01
1.645e-01  1.69023e+00  6.63454e-01
1.650e-01  1.68823e+00  6.64008e-01
1.655e-01  1.68623e+00  6.64558e-01
1.660e-01  1.68423e+00  6.65104e-01
1.665e-01  1.68222e+00  6.65644e-01
1.670e-01  1.68022e+00  6.66181e-01
1.675e-01  1.67821e+00  6.66713e-01
1.680e-01  1.67620e+00  6.67239e-01
1.685e-01  1.67419e+00  6.67761e-01
1.690e-01  1.67217e+00  6.68279e-01
1.695e-01  1.67017e+00  6.68792e-01
1.700e-01  1.66815e+00  6.69300e-01
1.705e-01  1.66613e+00  6.69804e-01
1.710e-01  1.66411e+00  6.70304e-01
1.715e-01  1.66209e+00  6.70799e-01
1.720e-01  1.66006e+00  6.71290e-01
1.725e-01  1.65804e+00  6.71776e-01
1.730e-01  1.65601e+00  6.72257e-01
1.735e-01  1.65398e+00  6.72734e-01
1.740e-01  1.65195e+00  6.73208e-01
1.745e-01  1.64992e+00  6.73676e-01
1.750e-01  1.64789e+00  6.74140e-01
1.755e-01  1.64586e+00  6.74601e-01
1.760e-01  1.64382e+00  6.75056e-01
1.765e-01  1.64178e+00  6.75508e-01
1.770e-01  1.63974e+00  6.75955e-01
1.775e-01  1.63770e+00  6.76398e-01
1.780e-01  1.63565e+00  6.76838e-01
1.785e-01  1.63361e+00  6.77273e-01
1.790e-01  1.63156e+00  6.77703e-01
1.795e-01  1.62951e+00  6.78130e-01
1.800e-01  1.62746e+00  6.78552e-01
1.805e-01  1.62541e+00  6.78971e-01
1.810e-01  1.62335e+00  6.79386e-01
1.815e-01  1.62129e+00  6.79797e-01
1.820e-01  1.61923e+00  6.80204e-01
1.825e-01  1.61717e+00  6.80607e-01
1.830e-01  1.61511e+00  6.81006e-01
1.835e-01  1.61304e+00  6.81402e-01
1.840e-01  1.61098e+00  6.81793e-01
1.845e-01  1.60891e+00  6.82181e-01
1.850e-01  1.60684e+00  6.82565e-01
1.855e-01  1.60477e+00  6.82946e-01
1.860e-01  1.60270e+00  6.83323e-01
1.865e-01  1.60062e+00  6.83696e-01
1.870e-01  1.59854e+00  6.84065e-01
1.875e-01  1.59646e+00  6.84431e-01
1.880e-01  1.59438e+00  6.84793e-01
1.885e-01  1.59230e+00  6.85152e-01
1.890e-01  1.59021e+00  6.85507e-01
1.895e-01  1.58813e+00  6.85859e-01
1.900e-01  1.58604e+00  6.86207e-01
1.905e-01  1.58394e+00  6.86552e-01
1.910e-01  1.58185e+00  6.86893e-01
1.915e-01  1.57976e+00  6.87232e-01
1.920e-01  1.57766e+00  6.87567e-01
1.925e-01  1.57557e+00  6.87899e-01
1.930e-01  1.57346e+00  6.88227e-01
1.935e-01  1.57136e+00  6.88552e-01
1.940e-01  1.56926e+00  6.88873e-01
1.945e-01  1.56715e+00  6.89191e-01
1.950e-01  1.56504e+00  6.89507e-01
1.955e-01  1.56293e+00  6.89819e-01
1.960e-01  1.56082e+00  6.90129e-01
1.965e-01  1.55871e+00  6.90435e-01
1.970e-01  1.55660e+00  6.90737e-01
1.975e-01  1.55447e+00  6.91038e-01
1.980e-01  1.55235e+00  6.91335e-01
1.985e-01  1.55023e+00  6.91629e-01
1.990e-01  1.54811e+00  6.91920e-01
1.995e-01  1.54598e+00  6.92208e-01
2.000e-01  1.54386e+00  6.92493e-01
2.005e-01  1.54172e+00  6.92775e-01
2.010e-01  1.53959e+00  6.93055e-01
2.015e-01  1.53746e+00  6.93332e-01
2.020e-01  1.53533e+00  6.93605e-01
2.025e-01  1.53319e+00  6.93876e-01
2.030e-01  1.53105e+00  6.94143e-01
2.035e-01  1.52891e+00  6.94409e-01
2.040e-01  1.52676e+00  6.94671e-01
2.045e-01  1.52462e+00  6.94931e-01
2.050e-01  1.52247e+00  6.95189e-01
2.055e-01  1.52032e+00  6.95444e-01
2.060e-01  1.51817e+00  6.95696e-01
2.065e-01  1.51602e+00  6.95946e-01
2.070e-01  1.51387e+00  6.96192e-01
2.075e-01  1.51171e+00  6.96437e-01
2.080e-01  1.50955e+00  6.96679e-01
2.085e-01  1.50739e+00  6.96918e-01
2.090e-01  1.50523e+00  6.97154e-01
2.095e-01  1.50306e+00  6.97388e-01
2.100e-01  1.50089e+00  6.97620e-01
2.105e-01  1.49872e+00  6.97850e-01
2.110e-01  1.49655e+00  6.98078e-01
2.115e-01  1.49438e+00  6.98302e-01
2.120e-01  1.49220e+00  6.98524e-01
2.125e-01  1.49003e+00  6.98744e-01
2.130e-01  1.48785e+00  6.98961e-01
2.135e-01  1.48567e+00  6.99176e-01
2.140e-01  1.48349e+00  6.99389e-01
2.145e-01  1.48131e+00  6.99599e-01
2.150e-01  1.47912e+00  6.99807e-01
2.155e-01  1.47693e+00  7.00013e-01
2.160e-01  1.47474e+00  7.00217e-01
2.165e-01  1.47255e+00  7.00419e-01
2.170e-01  1.47035e+00  7.00619e-01
2.175e-01  1.46815e+00  7.00817e-01
2.180e-01  1.46596e+00  7.01013e-01
2.185e-01  1.46376e+00  7.01206e-01
2.190e-01  1.46156e+00  7.01398e-01
2.195e-01  1.45935e+00  7.01587e-01
2.200e-01  1.45715e+00  7.01774e-01
2.205e-01  1.45494e+00  7.01959e-01
2.210e-01  1.45273e+00  7.02142e-01
2.215e-01  1.45052e+00  7.02323e-01
2.220e-01  1.44831e+00  7.02502e-01
2.225e-01  1.44609e+00  7.02679e-01
2.230e-01  1.44387e+00  7.02854e-01
2.235e-01  1.44165e+00  7.03027e-01
2.240e-01  1.43943e+00  7.03199e-01
2.245e-01  1.43721e+00  7.03368e-01
2.250e-01  1.43499e+00  7.03536e-01
2.255e-01  1.43276e+00  7.03703e-01
2.260e-01  1.43053e+00  7.03868e-01
2.265e-01  1.42830e+00  7.04031e-01
2.270e-01  1.42607e+00  7.04192e-01
2.275e-01  1.42383e+00  7.04351e-01
2.280e-01  1.42160e+00  7.04508e-01
2.285e-01  1.41936e+00  7.04663e-01
2.290e-01  1.41712e+00  7.04817e-01
2.295e-01  1.41488e+00  7.04968e-01
2.300e-01  1.41264e+00  7.05118e-01
2.305e-01  1.41040e+00  7.05266e-01
2.310e-01  1.40815e+00  7.05413e-01
2.315e-01  1.40590e+00  7.05558e-01
2.320e-01  1.40365e+00  7.05702e-01
2.325e-01  1.40139e+00  7.05844e-01
2.330e-01  1.39914e+00  7.05984e-01
2.335e-01  1.39688e+00  7.06123e-01
2.340e-01  1.39462e+00  7.06260e-01
2.345e-01  1.39236e+00  7.06395e-01
2.350e-01  1.39010e+00  7.06529e-01
2.355e-01  1.38784e+00  7.06662e-01
2.360e-01  1.38558e+00  7.06793e-01
2.365e-01  1.38331e+00  7.06923e-01
2.370e-01  1.38104e+00  7.07051e-01
2.375e-01  1.37877e+00  7.07178e-01
2.380e-01  1.37650e+00  7.07303e-01
2.385e-01  1.37423e+00  7.07426e-01
2.390e-01  1.37196e+00  7.07548e-01
2.395e-01  1.36968e+00  7.07669e-01
2.400e-01  1.36740e+00  7.07788e-01
2.405e-01  1.36512e+00  7.07906e-01
2.410e-01  1.36283e+00  7.08022e-01
2.415e-01  1.36055e+00  7.08137e-01
2.420e-01  1.35826e+00  7.08251e-01
2.425e-01  1.35598e+00  7.08364e-01
2.430e-01  1.35369e+00  7.08476e-01
2.435e-01  1.35140e+00  7.08586e-01
2.440e-01  1.34911e+00  7.08695e-01
2.445e-01  1.34681e+00  7.08803e-01
2.450e-01  1.34452e+00  7.08909e-01
2.455e-01  1.34222e+00  7.09014e-01
2.460e-01  1.33992e+00  7.09117e-01
2.465e-01  1.33762e+00  7.09220e-01
2.470e-01  1.33531e+00  7.09321e-01
2.475e-01  1.33301e+00  7.09421e-01
2.480e-01  1.33071e+00  7.09519e-01
2.485e-01  1.32840e+00  7.09616e-01
2.490e-01  1.32610e+00  7.09712e-01
2.495e-01  1.32379e+00  7.09807e-01
2.500e-01  1.32148e+00  7.09900e-01
2.505e-01  1.31916e+00  7.09993e-01
2.510e-01  1.31685e+00  7.10084e-01
2.515e-01  1.31454e+00  7.10174e-01
2.520e-01  1.31222e+00  7.10262e-01
2.525e-01  1.30990e+00  7.10350e-01
2.530e-01  1.30758e+00  7.10437e-01
2.535e-01  1.30526e+00  7.10523e-01
2.540e-01  1.30294e+00  7.10608e-01
2.545e-01  1.30061e+00  7.10692e-01
2.550e-01  1.29828e+00  7.10775e-01
2.555e-01  1.29596e+00  7.10858e-01
2.560e-01  1.29363e+00  7.10939e-01
2.565e-01  1.29130e+00  7.11020e-01
2.570e-01  1.28896e+00  7.11100e-01
2.575e-01  1.28663e+00  7.11179e-01
2.580e-01  1.28430e+00  7.11257e-01
2.585e-01  1.28196e+00  7.11334e-01
2.590e-01  1.27962e+00  7.11411e-01
2.595e-01  1.27728e+00  7.11486e-01
2.600e-01  1.27494e+00  7.11560e-01
2.605e-01  1.27260e+00  7.11633e-01
2.610e-01  1.27025e+00  7.11705e-01
2.615e-01  1.26791e+00  7.11776e-01
2.620e-01  1.26556e+00  7.11846e-01
2.625e-01  1.26321e+00  7.11916e-01
2.630e-01  1.26087e+00  7.11984e-01
2.635e-01  1.25852e+00  7.12053e-01
2.640e-01  1.25616e+00  7.12121e-01
2.645e-01  1.25381e+00  7.12188e-01
2.650e-01  1.25146e+00  7.12255e-01
2.655e-01  1.24910e+00  7.12322e-01
2.660e-01  1.24674e+00  7.12389e-01
2.665e-01  1.24438e+00  7.12455e-01
2.670e-01  1.24202e+00  7.12520e-01
2.675e-01  1.23966e+00  7.12585e-01
2.680e-01  1.23730e+00  7.12648e-01
2.685e-01  1.23494e+00  7.12711e-01
2.690e-01  1.23257e+00  7.12773e-01
2.695e-01  1.23021e+00  7.12835e-01
2.700e-01  1.22784e+00  7.12896e-01
2.705e-01  1.22547e+00  7.12957e-01
2.710e-01  1.22310e+00  7.13017e-01
2.715e-01  1.22073e+00  7.13077e-01
2.720e-01  1.21835e+00  7.13137e-01
2.725e-01  1.21598e+00  7.13197e-01
2.730e-01  1.21360e+00  7.13257e-01
2.735e-01  1.21123e+00  7.13316e-01
2.740e-01  1.20885e+00  7.13376e-01
2.745e-01  1.20647e+00  7.13435e-01
2.750e-01  1.20409e+00  7.13494e-01
2.755e-01  1.20171e+00  7.13554e-01
2.760e-01  1.19932e+00  7.13613e-01
2.765e-01  1.19694e+00  7.13672e-01
2.770e-01  1.19455e+00  7.13731e-01
2.775e-01  1.19217e+00  7.13790e-01
2.780e-01  1.18978e+00  7.13849e-01
2.785e-01  1.18739e+00  7.13907e-01
2.790e-01  1.18500e+00  7.13965e-01
2.795e-01  1.18261e+00  7.14023e-01
2.800e-01  1.18021e+00  7.14081e-01
2.805e-01  1.17782e+00  7.14139e-01
2.810e-01  1.17542e+00  7.14196e-01
2.815e-01  1.17303e+00  7.14254e-01
2.820e-01  1.17063e+00  7.14311e-01
2.825e-01  1.16823e+00  7.14369e-01
2.830e-01  1.16583e+00  7.14426e-01
2.835e-01  1.16343e+00  7.14482e-01
2.840e-01  1.16103e+00  7.14539e-01
2.845e-01  1.15863e+00  7.14595e-01
2.850e-01  1.15623e+00  7.14651e-01
2.855e-01  1.15382e+00  7.14706e-01
2.860e-01  1.15142e+00  7.14762e-01
2.865e-01  1.14901e+00  7.14817e-01
2.870e-01  1.14660e+00  7.14871e-01
2.875e-01  1.14419e+00  7.14926e-01
2.880e-01  1.14178e+00  7.14980e-01
2.885e-01  1.13937e+00  7.15034e-01
2.890e-01  1.13696e+00  7.15087e-01
2.895e-01  1.13455e+00  7.15141e-01
2.900e-01  1.13213e+00  7.15194e-01
2.905e-01  1.12972e+00  7.15247e-01
2.910e-01  1.12730e+00  7.15300e-01
2.915e-01  1.12489e+00  7.15354e-01
2.920e-01  1.12247e+00  7.15407e-01
2.925e-01  1.12005e+00  7.15460e-01
2.930e-01  1.11763e+00  7.15514e-01
2.935e-01  1.11521e+00  7.15567e-01
2.940e-01  1.11279e+00  7.15621e-01
2.945e-01  1.11037e+00  7.15674e-01
2.950e-01  1.10795e+00  7.15728e-01
2.955e-01  1.10553e+00  7.15780e-01
2.960e-01  1.10310e+00  7.15832e-01
2.965e-01  1.10068e+00  7.15883e-01
2.970e-01  1.09825e+00  7.15934e-01
2.975e-01  1.09583e+00  7.15984e-01
2.980e-01  1.09340e+00  7.16033e-01
2.985e-01  1.09098e+00  7.16083e-01
2.990e-01  1.08855e+00  7.16132e-01
2.995e-01  1.08612e+00  7.16180e-01
3.000e-01  1.08369e+00  7.16229e-01
3.005e-01  1.08126e+00  7.16278e-01
3.010e-01  1.07883e+00  7.16327e-01
3.015e-01  1.07639e+00  7.16376e-01
3.020e-01  1.07396e+00  7.16425e-01
3.025e-01  1.07153e+00  7.16473e-01
3.030e-01  1.06909e+00  7.16521e-01
3.035e-01  1.06666e+00  7.16568e-01
3.040e-01  1.06422e+00  7.16615e-01
3.045e-01  1.06179e+00  7.16661e-01
3.050e-01  1.05935e+00  7.16707e-01
3.055e-01  1.05692e+00  7.16752e-01
3.060e-01  1.05448e+00  7.16797e-01
3.065e-01  1.05205e+00  7.16842e-01
3.070e-01  1.04961e+00  7.16887e-01
3.075e-01  1.04717e+00  7.16932e-01
3.080e-01  1.04473e+00  7.16976e-01
3.085e-01  1.04229e+00  7.17021e-01
3.090e-01  1.03985e+00  7.17064e-01
3.095e-01  1.03741e+00  7.17107e-01
3.100e-01  1.03497e+00  7.17149e-01
3.105e-01  1.03253e+00  7.17191e-01
3.110e-01  1.03009e+00  7.17232e-01
3.115e-01  1.02765e+00  7.17272e-01
3.120e-01  1.02520e+00  7.17312e-01
3.125e-01  1.02276e+00  7.17351e-01
3.130e-01  1.02032e+00  7.17390e-01
3.135e-01  1.01787e+00  7.17428e-01
3.140e-01  1.01543e+00  7.17467e-01
3.145e-01  1.01299e+00  7.17505e-01
3.150e-01  1.01054e+00  7.17543e-01
3.155e-01  1.00810e+00  7.17582e-01
3.160e-01  1.00565e+00  7.17620e-01
3.165e-01  1.00320e+00  7.17658e-01
3.170e-01  1.00076e+00  7.17697e-01
3.175e-01  9.98309e-01  7.17735e-01
3.180e-01  9.95862e-01  7.17773e-01
3.185e-01  9.93414e-01  7.17811e-01
3.190e-01  9.90966e-01  7.17848e-01
3.195e-01  9.88518e-01  7.17886e-01
3.200e-01  9.86070e-01  7.17923e-01
3.205e-01  9.83621e-01  7.17959e-01
3.210e-01  9.81173e-01  7.17996e-01
3.215e-01  9.78724e-01  7.18032e-01
3.220e-01  9.76274e-01  7.18067e-01
3.225e-01  9.73825e-01  7.18103e-01
3.230e-01  9.71375e-01  7.18137e-01
3.235e-01  9.68924e-01  7.18172e-01
3.240e-01  9.66474e-01  7.18206e-01
3.245e-01  9.64023e-01  7.18239e-01
3.250e-01  9.61572e-01  7.18273e-01
3.255e-01  9.59121e-01  7.18305e-01
3.260e-01  9.56670e-01  7.18338e-01
3.265e-01  9.54220e-01  7.18370e-01
3.270e-01  9.51769e-01  7.18401e-01
3.275e-01  9.49318e-01  7.18432e-01
3.280e-01  9.46868e-01  7.18463e-01
3.285e-01  9.44417e-01  7.18493e-01
3.290e-01  9.41966e-01  7.18524e-01
3.295e-01  9.39515e-01  7.18554e-01
3.300e-01  9.37064e-01  7.18584e-01
3.305e-01  9.34612e-01  7.18614e-01
3.310e-01  9.32161e-01  7.18645e-01
3.315e-01  9.29709e-01  7.18675e-01
3.320e-01  9.27256e-01  7.18706e-01
3.325e-01  9.24803e-01  7.18737e-01
3.330e-01  9.22349e-01  7.18768e-01
3.335e-01  9.19896e-01  7.18799e-01
3.340e-01  9.17442e-01  7.18829e-01
3.345e-01  9.14989e-01  7.18860e-01
3.350e-01  9.12536e-01  7.18889e-01
3.355e-01  9.10083e-01  7.18918e-01
3.360e-01  9.07631e-01  7.18946e-01
3.365e-01  9.05179e-01  7.18974e-01
3.370e-01  9.02726e-01  7.19002e-01
3.375e-01  9.00274e-01  7.19029e-01
3.380e-01  8.97822e-01  7.19056e-01
3.385e-01  8.95370e-01  7.19084e-01
3.390e-01  8.92918e-01  7.19111e-01
3.395e-01  8.90466e-01  7.19139e-01
3.400e-01  8.88013e-01  7.19167e-01
3.405e-01  8.85560e-01  7.19195e-01
3.410e-01  8.83108e-01  7.19222e-01
3.415e-01  8.80655e-01  7.19250e-01
3.420e-01  8.78203e-01  7.19277e-01
3.425e-01  8.75750e-01  7.19304e-01
3.430e-01  8.73298e-01  7.19330e-01
3.435e-01  8.70846e-01  7.19356e-01
3.440e-01  8.68394e-01  7.19382e-01
3.445e-01  8.65942e-01  7.19407e-01
3.450e-01  8.63490e-01  7.19433e-01
3.455e-01  8.61038e-01  7.19458e-01
3.460e-01  8.58586e-01  7.19483e-01
3.465e-01  8.56134e-01  7.19509e-01
3.470e-01  8.53682e-01  7.19534e-01
3.475e-01  8.51230e-01  7.19559e-01
3.480e-01  8.48779e-01  7.19584e-01
3.485e-01  8.46328e-01  7.19608e-01
3.490e-01  8.43877e-01  7.19633e-01
3.495e-01  8.41427e-01  7.19657e-01
3.500e-01  8.38976e-01  7.19681e-01
3.505e-01  8.36527e-01  7.19704e-01
3.510e-01  8.34077e-01  7.19728e-01
3.515e-01  8.31627e-01  7.19752e-01
3.520e-01  8.29178e-01  7.19775e-01
3.525e-01  8.26728e-01  7.19798e-01
3.530e-01  8.24278e-01  7.19822e-01
3.535e-01  8.21829e-01  7.19845e-01
3.540e-01  8.19379e-01  7.19869e-01
3.545e-01  8.16930e-01  7.19892e-01
3.550e-01  8.14481e-01  7.19915e-01
3.555e-01  8.12033e-01  7.19938e-01
3.560e-01  8.09585e-01  7.19961e-01
3.565e-01  8.07137e-01  7.19983e-01
3.570e-01  8.04690e-01  7.20006e-01
3.575e-01  8.02244e-01  7.20028e-01
3.580e-01  7.99797e-01  7.20050e-01
3.585e-01  7.97351e-01  7.20072e-01
3.590e-01  7.94905e-01  7.20094e-01
3.595e-01  7.92460e-01  7.20117e-01
3.600e-01  7.90014e-01  7.20139e-01
3.605e-01  7.87568e-01  7.20161e-01
3.610e-01  7.85123e-01  7.20182e-01
3.615e-01  7.82678e-01  7.20203e-01
3.620e-01  7.80233e-01  7.20224e-01
3.625e-01  7.77789e-01  7.20245e-01
3.630e-01  7.75345e-01  7.20265e-01
3.635e-01  7.72901e-01  7.20286e-01
3.640e-01  7.70458e-01  7.20306e-01
3.645e-01  7.68015e-01  7.20327e-01
3.650e-01  7.65573e-01  7.20348e-01
3.655e-01  7.63132e-01  7.20369e-01
3.660e-01  7.60690e-01  7.20390e-01
3.665e-01  7.58249e-01  7.20411e-01
3.670e-01  7.55809e-01  7.20431e-01
3.675e-01  7.53368e-01  7.20452e-01
3.680e-01  7.50928e-01  7.20472e-01
3.685e-01  7.48488e-01  7.20492e-01
3.690e-01  7.46049e-01  7.20512e-01
3.695e-01  7.43610e-01  7.20532e-01
3.700e-01  7.41171e-01  7.20551e-01
3.705e-01  7.38733e-01  7.20570e-01
3.710e-01  7.36296e-01  7.20589e-01
3.715e-01  7.33859e-01  7.20608e-01
3.720e-01  7.31423e-01  7.20627e-01
3.725e-01  7.28987e-01  7.20645e-01
3.730e-01  7.26552e-01  7.20664e-01
3.735e-01  7.24117e-01  7.20683e-01
3.740e-01  7.21682e-01  7.20701e-01
3.745e-01  7.19248e-01  7.20720e-01
3.750e-01  7.16815e-01  7.20739e-01
3.755e-01  7.14381e-01  7.20759e-01
3.760e-01  7.11948e-01  7.20778e-01
3.765e-01  7.09515e-01  7.20797e-01
3.770e-01  7.07083e-01  7.20816e-01
3.775e-01  7.04652e-01  7.20834e-01
3.780e-01  7.02220e-01  7.20852e-01
3.785e-01  6.99790e-01  7.20870e-01
3.790e-01  6.97360e-01  7.20888e-01
3.795e-01  6.94930e-01  7.20906e-01
3.800e-01  6.92501e-01  7.20923e-01
3.805e-01  6.90072e-01  7.20941e-01
3.810e-01  6.87644e-01  7.20958e-01
3.815e-01  6.85217e-01  7.20975e-01
3.820e-01  6.82790e-01  7.20993e-01
3.825e-01  6.80364e-01  7.21011e-01
3.830e-01  6.77938e-01  7.21029e-01
3.835e-01  6.75513e-01  7.21046e-01
3.840e-01  6.73089e-01  7.21064e-01
3.845e-01  6.70665e-01  7.21082e-01
3.850e-01  6.68241e-01  7.21099e-01
3.855e-01  6.65819e-01  7.21117e-01
3.860e-01  6.63396e-01  7.21134e-01
3.865e-01  6.60975e-01  7.21151e-01
3.870e-01  6.58554e-01  7.21168e-01
3.875e-01  6.56134e-01  7.21185e-01
3.880e-01  6.53714e-01  7.21201e-01
3.885e-01  6.51294e-01  7.21218e-01
3.890e-01  6.48876e-01  7.21235e-01
3.895e-01  6.46457e-01  7.21252e-01
3.900e-01  6.44039e-01  7.21269e-01
3.905e-01  6.41622e-01  7.21287e-01
3.910e-01  6.39205e-01  7.21304e-01
3.915e-01  6.36789e-01  7.21322e-01
3.920e-01  6.34373e-01  7.21339e-01
3.925e-01  6.31958e-01  7.21357e-01
3.930e-01  6.29544e-01  7.21374e-01
3.935e-01  6.27130e-01  7.21391e-01
3.940e-01  6.24717e-01  7.21408e-01
3.945e-01  6.22305e-01  7.21425e-01
3.950e-01  6.19893e-01  7.21442e-01
3.955e-01  6.17482e-01  7.21458e-01
3.960e-01  6.15072e-01  7.21474e-01
3.965e-01  6.12662e-01  7.21490e-01
3.970e-01  6.10253e-01  7.21506e-01
3.975e-01  6.07844e-01  7.21522e-01
3.980e-01  6.05437e-01  7.21538e-01
3.985e-01  6.03029e-01  7.21554e-01
3.990e-01  6.00623e-01  7.21569e-01
3.995e-01  5.98217e-01  7.21585e-01
4.000e-01  5.95813e-01  7.21600e-01
4.005e-01  5.93409e-01  7.21616e-01
4.010e-01  5.91005e-01  7.21631e-01
4.015e-01  5.88603e-01  7.21647e-01
4.020e-01  5.86201e-01  7.21663e-01
4.025e-01  5.83800e-01  7.21678e-01
4.030e-01  5.81400e-01  7.21694e-01
4.035e-01  5.79000e-01  7.21709e-01
4.040e-01  5.76601e-01  7.21725e-01
4.045e-01  5.74202e-01  7.21740e-01
4.050e-01  5.71804e-01  7.21755e-01
4.055e-01  5.69407e-01  7.21771e-01
4.060e-01  5.67010e-01  7.21786e-01
4.065e-01  5.64613e-01  7.21802e-01
4.070e-01  5.62218e-01  7.21817e-01
4.075e-01  5.59823e-01  7.21832e-01
4.080e-01  5.57428e-01  7.21848e-01
4.085e-01  5.55035e-01  7.21863e-01
4.090e-01  5.52641e-01  7.21879e-01
4.095e-01  5.50249e-01  7.21894e-01
4.100e-01  5.47857e-01  7.21909e-01
4.105e-01  5.45466e-01  7.21925e-01
4.110e-01  5.43076e-01  7.21940e-01
4.115e-01  5.40687e-01  7.21955e-01
4.120e-01  5.38298e-01  7.21971e-01
4.125e-01  5.35911e-01  7.21986e-01
4.130e-01  5.33524e-01  7.22001e-01
4.135e-01  5.31138e-01  7.22016e-01
4.140e-01  5.28753e-01  7.22031e-01
4.145e-01  5.26369e-01  7.22046e-01
4.150e-01  5.23985e-01  7.22061e-01
4.155e-01  5.21602e-01  7.22075e-01
4.160e-01  5.19220e-01  7.22090e-01
4.165e-01  5.16838e-01  7.22105e-01
4.170e-01  5.14457e-01  7.22120e-01
4.175e-01  5.12076e-01  7.22135e-01
4.180e-01  5.09696e-01  7.22150e-01
4.185e-01  5.07317e-01  7.22165e-01
4.190e-01  5.04939e-01  7.22179e-01
4.195e-01  5.02562e-01  7.22194e-01
4.200e-01  5.00186e-01  7.22208e-01
4.205e-01  4.97811e-01  7.22221e-01
4.210e-01  4.95438e-01  7.22235e-01
4.215e-01  4.93065e-01  7.22249e-01
4.220e-01  4.90693e-01  7.22262e-01
4.225e-01  4.88322e-01  7.22275e-01
4.230e-01  4.85951e-01  7.22289e-01
4.235e-01  4.83581e-01  7.22302e-01
4.240e-01  4.81212e-01  7.22316e-01
4.245e-01  4.78844e-01  7.22329e-01
4.250e-01  4.76475e-01  7.22344e-01
4.255e-01  4.74107e-01  7.22358e-01
4.260e-01  4.71740e-01  7.22373e-01
4.265e-01  4.69373e-01  7.22387e-01
4.270e-01  4.67007e-01  7.22402e-01
4.275e-01  4.64641e-01  7.22417e-01
4.280e-01  4.62277e-01  7.22432e-01
4.285e-01  4.59913e-01  7.22446e-01
4.290e-01  4.57551e-01  7.22460e-01
4.295e-01  4.55189e-01  7.22475e-01
4.300e-01  4.52829e-01  7.22489e-01
4.305e-01  4.50470e-01  7.22503e-01
4.310e-01  4.48111e-01  7.22517e-01
4.315e-01  4.45754e-01  7.22531e-01
4.320e-01  4.43397e-01  7.22545e-01
4.325e-01  4.41041e-01  7.22559e-01
4.330e-01  4.38686e-01  7.22573e-01
4.335e-01  4.36332e-01  7.22587e-01
4.340e-01  4.33978e-01  7.22602e-01
4.345e-01  4.31625e-01  7.22616e-01
4.350e-01  4.29273e-01  7.22630e-01
4.355e-01  4.26921e-01  7.22644e-01
4.360e-01  4.24570e-01  7.22657e-01
4.365e-01  4.22221e-01  7.22671e-01
4.370e-01  4.19872e-01  7.22684e-01
4.375e-01  4.17524e-01  7.22697e-01
4.380e-01  4.15177e-01  7.22710e-01
4.385e-01  4.12831e-01  7.22723e-01
4.390e-01  4.10486e-01  7.22736e-01
4.395e-01  4.08142e-01  7.22749e-01
4.400e-01  4.05798e-01  7.22762e-01
4.405e-01  4.03456e-01  7.22774e-01
4.410e-01  4.01114e-01  7.22787e-01
4.415e-01  3.98774e-01  7.22801e-01
4.420e-01  3.96434e-01  7.22814e-01
4.425e-01  3.94095e-01  7.22827e-01
4.430e-01  3.91757e-01  7.22841e-01
4.435e-01  3.89419e-01  7.22855e-01
4.440e-01  3.87083e-01  7.22869e-01
4.445e-01  3.84747e-01  7.22882e-01
4.450e-01  3.82412e-01  7.22896e-01
4.455e-01  3.80079e-01  7.22909e-01
4.460e-01  3.77746e-01  7.22923e-01
4.465e-01  3.75413e-01  7.22936e-01
4.470e-01  3.73082e-01  7.22949e-01
4.475e-01  3.70752e-01  7.22962e-01
4.480e-01  3.68422e-01  7.22976e-01
4.485e-01  3.66093e-01  7.22988e-01
4.490e-01  3.63765e-01  7.23001e-01
4.495e-01  3.61438e-01  7.23014e-01
4.500e-01  3.59112e-01  7.23027e-01
4.505e-01  3.56786e-01  7.23040e-01
4.510e-01  3.54461e-01  7.23053e-01
4.515e-01  3.52138e-01  7.23066e-01
4.520e-01  3.49815e-01  7.23078e-01
4.525e-01  3.47493e-01  7.23092e-01
4.530e-01  3.45172e-01  7.23105e-01
4.535e-01  3.42852e-01  7.23118e-01
4.540e-01  3.40533e-01  7.23132e-01
4.545e-01  3.38215e-01  7.23145e-01
4.550e-01  3.35898e-01  7.23158e-01
4.555e-01  3.33582e-01  7.23171e-01
4.560e-01  3.31267e-01  7.23184e-01
4.565e-01  3.28953e-01  7.23197e-01
4.570e-01  3.26640e-01  7.23210e-01
4.575e-01  3.24328e-01  7.23223e-01
4.580e-01  3.22017e-01  7.23236e-01
4.585e-01  3.19706e-01  7.23249e-01
4.590e-01  3.17395e-01  7.23262e-01
4.595e-01  3.15086e-01  7.23275e-01
4.600e-01  3.12777e-01  7.23288e-01
4.605e-01  3.10469e-01  7.23301e-01
4.610e-01  3.08162e-01  7.23314e-01
4.615e-01  3.05856e-01  7.23327e-01
4.620e-01  3.03551e-01  7.23339e-01
4.625e-01  3.01248e-01  7.23352e-01
4.630e-01  2.98946e-01  7.23363e-01
4.635e-01  2.96645e-01  7.23375e-01
4.640e-01  2.94346e-01  7.23387e-01
4.645e-01  2.92047e-01  7.23399e-01
4.650e-01  2.89749e-01  7.23410e-01
4.655e-01  2.87453e-01  7.23422e-01
4.660e-01  2.85157e-01  7.23434e-01
4.665e-01  2.82862e-01  7.23446e-01
4.670e-01  2.80568e-01  7.23458e-01
4.675e-01  2.78275e-01  7.23470e-01
4.680e-01  2.75982e-01  7.23483e-01
4.685e-01  2.73690e-01  7.23495e-01
4.690e-01  2.71399e-01  7.23508e-01
4.695e-01  2.69109e-01  7.23520e-01
4.700e-01  2.66820e-01  7.23533e-01
4.705e-01  2.64532e-01  7.23546e-01
4.710e-01  2.62244e-01  7.23558e-01
4.715e-01  2.59958e-01  7.23570e-01
4.720e-01  2.57673e-01  7.23583e-01
4.725e-01  2.55388e-01  7.23595e-01
4.730e-01  2.53105e-01  7.23606e-01
4.735e-01  2.50823e-01  7.23618e-01
4.740e-01  2.48541e-01  7.23630e-01
4.745e-01  2.46261e-01  7.23642e-01
4.750e-01  2.43981e-01  7.23654e-01
4.755e-01  2.41702e-01  7.23666e-01
4.760e-01  2.39424e-01  7.23678e-01
4.765e-01  2.37147e-01  7.23690e-01
4.770e-01  2.34871e-01  7.23702e-01
4.775e-01  2.32596e-01  7.23715e-01
4.780e-01  2.30321e-01  7.23727e-01
4.785e-01  2.28048e-01  7.23740e-01
4.790e-01  2.25775e-01  7.23752e-01
4.795e-01  2.23504e-01  7.23765e-01
4.800e-01  2.21233e-01  7.23778e-01
4.805e-01  2.18964e-01  7.23790e-01
4.810e-01  2.16695e-01  7.23803e-01
4.815e-01  2.14428e-01  7.23815e-01
4.820e-01  2.12161e-01  7.23827e-01
4.825e-01  2.09896e-01  7.23840e-01
4.830e-01  2.07631e-01  7.23852e-01
4.835e-01  2.05367e-01  7.23864e-01
4.840e-01  2.03105e-01  7.23876e-01
4.845e-01  2.00843e-01  7.23889e-01
4.850e-01  1.98582e-01  7.23901e-01
4.855e-01  1.96322e-01  7.23913e-01
4.860e-01  1.94063e-01  7.23925e-01
4.865e-01  1.91805e-01  7.23937e-01
4.870e-01  1.89548e-01  7.23949e-01
4.875e-01  1.87292e-01  7.23961e-01
4.880e-01  1.85037e-01  7.23973e-01
4.885e-01  1.82783e-01  7.23985e-01
4.890e-01  1.80530e-01  7.23998e-01
4.895e-01  1.78277e-01  7.24010e-01
4.900e-01  1.76026e-01  7.24022e-01
4.905e-01  1.73776e-01  7.24034e-01
4.910e-01  1.71527e-01  7.24046e-01
4.915e-01  1.69279e-01  7.24057e-01
4.920e-01  1.67033e-01  7.24069e-01
4.925e-01  1.64787e-01  7.24080e-01
4.930e-01  1.62542e-01  7.24091e-01
4.935e-01  1.60299e-01  7.24102e-01
4.940e-01  1.58056e-01  7.24114e-01
4.945e-01  1.55814e-01  7.24125e-01
4.950e-01  1.53573e-01  7.24136e-01
4.955e-01  1.51334e-01  7.24147e-01
4.960e-01  1.49095e-01  7.24159e-01
4.965e-01  1.46856e-01  7.24171e-01
4.970e-01  1.44619e-01  7.24182e-01
4.975e-01  1.42383e-01  7.24195e-01
4.980e-01  1.40147e-01  7.24207e-01
4.985e-01  1.37912e-01  7.24219e-01
4.990e-01  1.35678e-01  7.24232e-01
4.995e-01  1.33445e-01  7.24244e-01
5.000e-01  1.31214e-01  7.24257e-01
5.005e-01  1.28983e-01  7.24269e-01
5.010e-01  1.26753e-01  7.24281e-01
5.015e-01  1.24524e-01  7.24293e-01
5.020e-01  1.22296e-01  7.24305e-01
5.025e-01  1.20069e-01  7.24317e-01
5.030e-01  1.17843e-01  7.24329e-01
5.035e-01  1.15619e-01  7.24341e-01
5.040e-01  1.13395e-01  7.24352e-01
5.045e-01  1.11172e-01  7.24364e-01
5.050e-01  1.08950e-01  7.24375e-01
5.055e-01  1.06730e-01  7.24386e-01
5.060e-01  1.04510e-01  7.24398e-01
5.065e-01  1.02291e-01  7.24409e-01
5.070e-01  1.00074e-01  7.24421e-01
5.075e-01  9.78573e-02  7.24432e-01
5.080e-01  9.56418e-02  7.24444e-01
5.085e-01  9.34274e-02  7.24455e-01
5.090e-01  9.12140e-02  7.24467e-01
5.095e-01  8.90016e-02  7.24479e-01
5.100e-01  8.67903e-02  7.24491e-01
5.105e-01  8.45799e-02  7.24504e-01
5.110e-01  8.23704e-02  7.24516e-01
5.115e-01  8.01618e-02  7.24528e-01
5.120e-01  7.79541e-02  7.24541e-01
5.125e-01  7.57471e-02  7.24553e-01
5.130e-01  7.35410e-02  7.24566e-01
5.135e-01  7.13358e-02  7.24578e-01
5.140e-01  6.91316e-02  7.24590e-01
5.145e-01  6.69283e-02  7.24602e-01
5.150e-01  6.47262e-02  7.24614e-01
5.155e-01  6.25252e-02  7.24626e-01
5.160e-01  6.03254e-02  7.24638e-01
5.165e-01  5.81267e-02  7.24649e-01
5.170e-01  5.59292e-02  7.24660e-01
5.175e-01  5.37328e-02  7.24671e-01
5.180e-01  5.15375e-02  7.24682e-01
5.185e-01  4.93431e-02  7.24693e-01
5.190e-01  4.71498e-02  7.24704e-01
5.195e-01  4.49574e-02  7.24715e-01
5.200e-01  4.27658e-02  7.24726e-01
5.205e-01  4.05751e-02  7.24738e-01
5.210e-01  3.83852e-02  7.24750e-01
5.215e-01  3.61960e-02  7.24762e-01
5.220e-01  3.40076e-02  7.24774e-01
5.225e-01  3.18200e-02  7.24787e-01
5.230e-01  2.96333e-02  7.24799e-01
5.235e-01  2.74475e-02  7.24812e-01
5.240e-01  2.52630e-02  7.24825e-01
5.245e-01  2.30796e-02  7.24837e-01
5.250e-01  2.08974e-02  7.24849e-01
5.255e-01  1.87163e-02  7.24861e-01
5.260e-01  1.65364e-02  7.24873e-01
5.265e-01  1.43576e-02  7.24885e-01
5.270e-01  1.21798e-02  7.24896e-01
5.275e-01  1.00031e-02  7.24908e-01
5.280e-01  7.82732e-03  7.24919e-01
5.285e-01  5.65255e-03  7.24930e-01
5.290e-01  3.47871e-03  7.24942e-01
5.295e-01  1.30581e-03  7.24954e-01
5.300e-01  -8.66142e-04  7.24965e-01
5.305e-01  -3.03713e-03  7.24977e-01
5.310e-01  -5.20714e-03  7.24989e-01
5.315e-01  -7.37617e-03  7.25000e-01
5.320e-01  -9.54419e-03  7.25012e-01
5.325e-01  -1.17112e-02  7.25024e-01
5.330e-01  -1.38772e-02  7.25035e-01
5.335e-01  -1.60421e-02  7.25047e-01
5.340e-01  -1.82060e-02  7.25058e-01
5.345e-01  -2.03689e-02  7.25070e-01
5.350e-01  -2.25307e-02  7.25081e-01
5.355e-01  -2.46914e-02  7.25092e-01
5.360e-01  -2.68512e-02  7.25103e-01
5.365e-01  -2.90100e-02  7.25115e-01
5.370e-01  -3.11678e-02  7.25126e-01
5.375e-01  -3.33246e-02  7.25137e-01
5.380e-01  -3.54805e-02  7.25149e-01
5.385e-01  -3.76355e-02  7.25160e-01
5.390e-01  -3.97896e-02  7.25172e-01
5.395e-01  -4.19427e-02  7.25184e-01
5.400e-01  -4.40950e-02  7.25196e-01
5.405e-01  -4.62464e-02  7.25208e-01
5.410e-01  -4.83969e-02  7.25221e-01
5.415e-01  -5.05463e-02  7.25233e-01
5.420e-01  -5.26948e-02  7.25245e-01
5.425e-01  -5.48422e-02  7.25258e-01
5.430e-01  -5.69885e-02  7.25270e-01
5.435e-01  -5.91337e-02  7.25282e-01
5.440e-01  -6.12778e-02  7.25294e-01
5.445e-01  -6.34209e-02  7.25306e-01
5.450e-01  -6.55630e-02  7.25318e-01
5.455e-01  -6.77041e-02  7.25330e-01
5.460e-01  -6.98443e-02  7.25342e-01
5.465e-01  -7.19835e-02  7.25353e-01
5.470e-01  -7.41219e-02  7.25365e-01
5.475e-01  -7.62593e-02  7.25377e-01
5.480e-01  -7.83958e-02  7.25388e-01
5.485e-01  -8.05314e-02  7.25400e-01
5.490e-01  -8.26660e-02  7.25411e-01
5.495e-01  -8.47995e-02  7.25422e-01
5.500e-01  -8.69321e-02  7.25434e-01
5.505e-01  -8.90635e-02  7.25445e-01
5.510e-01  -9.11939e-02  7.25456e-01
5.515e-01  -9.33232e-02  7.25468e-01
5.520e-01  -9.54514e-02  7.25479e-01
5.525e-01  -9.75784e-02  7.25490e-01
5.530e-01  -9.97044e-02  7.25501e-01
5.535e-01  -1.01829e-01  7.25513e-01
5.540e-01  -1.03953e-01  7.25524e-01
5.545e-01  -1.06076e-01  7.25535e-01
5.550e-01  -1.08198e-01  7.25547e-01
5.555e-01  -1.10319e-01  7.25558e-01
5.560e-01  -1.12440e-01  7.25569e-01
5.565e-01  -1.14559e-01  7.25581e-01
5.570e-01  -1.16678e-01  7.25593e-01
5.575e-01  -1.18796e-01  7.25605e-01
5.580e-01  -1.20913e-01  7.25616e-01
5.585e-01  -1.23030e-01  7.25628e-01
5.590e-01  -1.25145e-01  7.25640e-01
5.595e-01  -1.27260e-01  7.25652e-01
5.600e-01  -1.29373e-01  7.25664e-01
5.605e-01  -1.31485e-01  7.25676e-01
5.610e-01  -1.33597e-01  7.25687e-01
5.615e-01  -1.35706e-01  7.25698e-01
5.620e-01  -1.37815e-01  7.25709e-01
5.625e-01  -1.39922e-01  7.25720e-01
5.630e-01  -1.42029e-01  7.25731e-01
5.635e-01  -1.44134e-01  7.25742e-01
5.640e-01  -1.46238e-01  7.25753e-01
5.645e-01  -1.48342e-01  7.25764e-01
5.650e-01  -1.50444e-01  7.25775e-01
5.655e-01  -1.52545e-01  7.25786e-01
5.660e-01  -1.54646e-01  7.25797e-01
5.665e-01  -1.56746e-01  7.25808e-01
5.670e-01  -1.58844e-01  7.25820e-01
5.675e-01  -1.60942e-01  7.25831e-01
5.680e-01  -1.63040e-01  7.25843e-01
5.685e-01  -1.65136e-01  7.25855e-01
5.690e-01  -1.67231e-01  7.25866e-01
5.695e-01  -1.69326e-01  7.25877e-01
5.700e-01  -1.71419e-01  7.25889e-01
5.705e-01  -1.73511e-01  7.25900e-01
5.710e-01  -1.75603e-01  7.25911e-01
5.715e-01  -1.77694e-01  7.25922e-01
5.720e-01  -1.79783e-01  7.25932e-01
5.725e-01  -1.81872e-01  7.25943e-01
5.730e-01  -1.83959e-01  7.25954e-01
5.735e-01  -1.86046e-01  7.25965e-01
5.740e-01  -1.88131e-01  7.25976e-01
5.745e-01  -1.90215e-01  7.25987e-01
5.750e-01  -1.92298e-01  7.25999e-01
5.755e-01  -1.94380e-01  7.26010e-01
5.760e-01  -1.96462e-01  7.26021e-01
5.765e-01  -1.98542e-01  7.26032e-01
5.770e-01  -2.00621e-01  7.26043e-01
5.775e-01  -2.02699e-01  7.26054e-01
5.780e-01  -2.04777e-01  7.26064e-01
5.785e-01  -2.06854e-01  7.26075e-01
5.790e-01  -2.08929e-01  7.26086e-01
5.795e-01  -2.11004e-01  7.26096e-01
5.800e-01  -2.13078e-01  7.26106e-01
5.805e-01  -2.15151e-01  7.26117e-01
5.810e-01  -2.17223e-01  7.26127e-01
5.815e-01  -2.19294e-01  7.26138e-01
5.820e-01  -2.21364e-01  7.26148e-01
5.825e-01  -2.23433e-01  7.26159e-01
5.830e-01  -2.25502e-01  7.26170e-01
5.835e-01  -2.27569e-01  7.26180e-01
5.840e-01  -2.29634e-01  7.26190e-01
5.845e-01  -2.31699e-01  7.26201e-01
5.850e-01  -2.33762e-01  7.26211e-01
5.855e-01  -2.35825e-01  7.26221e-01
5.860e-01  -2.37886e-01  7.26231e-01
5.865e-01  -2.39946e-01  7.26241e-01
5.870e-01  -2.42006e-01  7.26251e-01
5.875e-01  -2.44064e-01  7.26260e-01
5.880e-01  -2.46121e-01  7.26270e-01
5.885e-01  -2.48178e-01  7.26279e-01
5.890e-01  -2.50233e-01  7.26289e-01
5.895e-01  -2.52288e-01  7.26298e-01
5.900e-01  -2.54341e-01  7.26307e-01
5.905e-01  -2.56394e-01  7.26316e-01
5.910e-01  -2.58446e-01  7.26325e-01
5.915e-01  -2.60496e-01  7.26335e-01
5.920e-01  -2.62546e-01  7.26344e-01
5.925e-01  -2.64594e-01  7.26353e-01
5.930e-01  -2.66642e-01  7.26362e-01
5.935e-01  -2.68689e-01  7.26371e-01
5.940e-01  -2.70734e-01  7.26380e-01
5.945e-01  -2.72779e-01  7.26389e-01
5.950e-01  -2.74823e-01  7.26398e-01
5.955e-01  -2.76866e-01  7.26407e-01
5.960e-01  -2.78908e-01  7.26415e-01
5.965e-01  -2.80948e-01  7.26424e-01
5.970e-01  -2.82989e-01  7.26433e-01
5.975e-01  -2.85028e-01  7.26442e-01
5.980e-01  -2.87066e-01  7.26450e-01
5.985e-01  -2.89103e-01  7.26459e-01
5.990e-01  -2.91139e-01  7.26467e-01
5.995e-01  -2.93175e-01  7.26475e-01
6.000e-01  -2.95209e-01  7.26484e-01
6.005e-01  -2.97242e-01  7.26492e-01
6.010e-01  -2.99275e-01  7.26500e-01
6.015e-01  -3.01306e-01  7.26509e-01
6.020e-01  -3.03336e-01  7.26517e-01
6.025e-01  -3.05365e-01  7.26525e-01
6.030e-01  -3.07393e-01  7.26533e-01
6.035e-01  -3.09420e-01  7.26541e-01
6.040e-01  -3.11446e-01  7.26549e-01
6.045e-01  -3.13471e-01  7.26557e-01
6.050e-01  -3.15495e-01  7.26564e-01
6.055e-01  -3.17518e-01  7.26571e-01
6.060e-01  -3.19539e-01  7.26579e-01
6.065e-01  -3.21560e-01  7.26586e-01
6.070e-01  -3.23580e-01  7.26592e-01
6.075e-01  -3.25598e-01  7.26599e-01
6.080e-01  -3.27615e-01  7.26606e-01
6.085e-01  -3.29632e-01  7.26612e-01
6.090e-01  -3.31647e-01  7.26618e-01
6.095e-01  -3.33661e-01  7.26625e-01
6.100e-01  -3.35674e-01  7.26631e-01
6.105e-01  -3.37687e-01  7.26637e-01
6.110e-01  -3.39698e-01  7.26643e-01
6.115e-01  -3.41708e-01  7.26649e-01
6.120e-01  -3.43718e-01  7.26655e-01
6.125e-01  -3.45727e-01  7.26661e-01
6.130e-01  -3.47735e-01  7.26667e-01
6.135e-01  -3.49742e-01  7.26673e-01
6.140e-01  -3.51748e-01  7.26679e-01
6.145e-01  -3.53753e-01  7.26685e-01
6.150e-01  -3.55758e-01  7.26691e-01
6.155e-01  -3.57761e-01  7.26696e-01
6.160e-01  -3.59762e-01  7.26702e-01
6.165e-01  -3.61763e-01  7.26707e-01
6.170e-01  -3.63763e-01  7.26712e-01
6.175e-01  -3.65761e-01  7.26717e-01
6.180e-01  -3.67758e-01  7.26722e-01
6.185e-01  -3.69755e-01  7.26727e-01
6.190e-01  -3.71750e-01  7.26732e-01
6.195e-01  -3.73744e-01  7.26737e-01
6.200e-01  -3.75737e-01  7.26742e-01
6.205e-01  -3.77729e-01  7.26747e-01
6.210e-01  -3.79720e-01  7.26752e-01
6.215e-01  -3.81710e-01  7.26756e-01
6.220e-01  -3.83699e-01  7.26761e-01
6.225e-01  -3.85687e-01  7.26765e-01
6.230e-01  -3.87674e-01  7.26769e-01
6.235e-01  -3.89660e-01  7.26773e-01
6.240e-01  -3.91645e-01  7.26778e-01
6.245e-01  -3.93629e-01  7.26782e-01
6.250e-01  -3.95611e-01  7.26786e-01
6.255e-01  -3.97593e-01  7.26791e-01
6.260e-01  -3.99574e-01  7.26795e-01
6.265e-01  -4.01553e-01  7.26800e-01
6.270e-01  -4.03532e-01  7.26804e-01
6.275e-01  -4.05509e-01  7.26809e-01
6.280e-01  -4.07485e-01  7.26813e-01
6.285e-01  -4.09461e-01  7.26817e-01
6.290e-01  -4.11436e-01  7.26822e-01
6.295e-01  -4.13409e-01  7.26826e-01
6.300e-01  -4.15382e-01  7.26830e-01
6.305e-01  -4.17353e-01  7.26835e-01
6.310e-01  -4.19324e-01  7.26840e-01
6.315e-01  -4.21293e-01  7.26844e-01
6.320e-01  -4.23262e-01  7.26849e-01
6.325e-01  -4.25229e-01  7.26855e-01
6.330e-01  -4.27196e-01  7.26860e-01
6.335e-01  -4.29161e-01  7.26865e-01
6.340e-01  -4.31125e-01  7.26871e-01
6.345e-01  -4.33089e-01  7.26877e-01
6.350e-01  -4.35050e-01  7.26883e-01
6.355e-01  -4.37011e-01  7.26889e-01
6.360e-01  -4.38971e-01  7.26895e-01
6.365e-01  -4.40930e-01  7.26902e-01
6.370e-01  -4.42888e-01  7.26909e-01
6.375e-01  -4.44844e-01  7.26916e-01
6.380e-01  -4.46800e-01  7.26924e-01
6.385e-01  -4.48755e-01  7.26932e-01
6.390e-01  -4.50709e-01  7.26940e-01
6.395e-01  -4.52662e-01  7.26949e-01
6.400e-01  -4.54613e-01  7.26958e-01
6.405e-01  -4.56564e-01  7.26967e-01
6.410e-01  -4.58514e-01  7.26977e-01
6.415e-01  -4.60462e-01  7.26987e-01
6.420e-01  -4.62410e-01  7.26997e-01
6.425e-01  -4.64357e-01  7.27008e-01
6.430e-01  -4.66303e-01  7.27020e-01
6.435e-01  -4.68249e-01  7.27032e-01
6.440e-01  -4.70193e-01  7.27044e-01
6.445e-01  -4.72137e-01  7.27058e-01
6.450e-01  -4.74079e-01  7.27072e-01
6.455e-01  -4.76021e-01  7.27086e-01
6.460e-01  -4.77961e-01  7.27102e-01
6.465e-01  -4.79900e-01  7.27119e-01
6.470e-01  -4.81837e-01  7.27136e-01
6.475e-01  -4.83774e-01  7.27154e-01
6.480e-01  -4.85710e-01  7.27172e-01
6.485e-01  -4.87645e-01  7.27192e-01
6.490e-01  -4.89579e-01  7.27212e-01
6.495e-01  -4.91513e-01  7.27233e-01
6.500e-01  -4.93446e-01  7.27256e-01
6.505e-01  -4.95378e-01  7.27279e-01
6.510e-01  -4.97310e-01  7.27303e-01
6.515e-01  -4.99240e-01  7.27329e-01
6.520e-01  -5.01168e-01  7.27356e-01
6.525e-01  -5.03095e-01  7.27384e-01
6.530e-01  -5.05020e-01  7.27413e-01
6.535e-01  -5.06945e-01  7.27443e-01
6.540e-01  -5.08870e-01  7.27474e-01
6.545e-01  -5.10794e-01  7.27507e-01
6.550e-01  -5.12718e-01  7.27542e-01
6.555e-01  -5.14641e-01  7.27577e-01
6.560e-01  -5.16562e-01  7.27615e-01
6.565e-01  -5.18482e-01  7.27654e-01
6.570e-01  -5.20401e-01  7.27694e-01
6.575e-01  -5.22318e-01  7.27736e-01
6.580e-01  -5.24236e-01  7.27779e-01
6.585e-01  -5.26153e-01  7.27824e-01
6.590e-01  -5.28070e-01  7.27871e-01
6.595e-01  -5.29984e-01  7.27920e-01
6.600e-01  -5.31898e-01  7.27971e-01
6.605e-01  -5.33813e-01  7.28023e-01
6.610e-01  -5.35726e-01  7.28077e-01
6.615e-01  -5.37636e-01  7.28133e-01
6.620e-01  -5.39545e-01  7.28191e-01
6.625e-01  -5.41454e-01  7.28251e-01
6.630e-01  -5.43363e-01  7.28313e-01
6.635e-01  -5.45270e-01  7.28378e-01
6.640e-01  -5.47177e-01  7.28445e-01
6.645e-01  -5.49082e-01  7.28513e-01
6.650e-01  -5.50987e-01  7.28584e-01
6.655e-01  -5.52891e-01  7.28658e-01
6.660e-01  -5.54794e-01  7.28733e-01
6.665e-01  -5.56696e-01  7.28811e-01
6.670e-01  -5.58597e-01  7.28892e-01
6.675e-01  -5.60498e-01  7.28975e-01
6.680e-01  -5.62398e-01  7.29061e-01
6.685e-01  -5.64297e-01  7.29149e-01
6.690e-01  -5.66194e-01  7.29240e-01
6.695e-01  -5.68091e-01  7.29333e-01
6.700e-01  -5.69986e-01  7.29429e-01
6.705e-01  -5.71880e-01  7.29527e-01
6.710e-01  -5.73775e-01  7.29629e-01
6.715e-01  -5.75672e-01  7.29734e-01
6.720e-01  -5.77566e-01  7.29841e-01
6.725e-01  -5.79457e-01  7.29950e-01
6.730e-01  -5.81349e-01  7.30063e-01
6.735e-01  -5.83237e-01  7.30178e-01
6.740e-01  -5.85125e-01  7.30295e-01
6.745e-01  -5.87015e-01  7.30416e-01
6.750e-01  -5.88904e-01  7.30540e-01
6.755e-01  -5.90791e-01  7.30666e-01
6.760e-01  -5.92675e-01  7.30794e-01
6.765e-01  -5.94562e-01  7.30926e-01
6.770e-01  -5.96449e-01  7.31060e-01
6.775e-01  -5.98330e-01  7.31196e-01
6.780e-01  -6.00211e-01  7.31336e-01
6.785e-01  -6.02094e-01  7.31477e-01
6.790e-01  -6.03976e-01  7.31621e-01
6.795e-01  -6.05855e-01  7.31768e-01
6.800e-01  -6.07734e-01  7.31917e-01
6.805e-01  -6.09613e-01  7.32069e-01
6.810e-01  -6.11487e-01  7.32223e-01
6.815e-01  -6.13363e-01  7.32378e-01
6.820e-01  -6.15240e-01  7.32537e-01
6.825e-01  -6.17112e-01  7.32698e-01
6.830e-01  -6.18986e-01  7.32861e-01
6.835e-01  -6.20857e-01  7.33025e-01
6.840e-01  -6.22725e-01  7.33192e-01
6.845e-01  -6.24594e-01  7.33361e-01
6.850e-01  -6.26463e-01  7.33533e-01
6.855e-01  -6.28330e-01  7.33706e-01
6.860e-01  -6.30195e-01  7.33881e-01
6.865e-01  -6.32057e-01  7.34057e-01
6.870e-01  -6.33919e-01  7.34237e-01
6.875e-01  -6.35782e-01  7.34418e-01
6.880e-01  -6.37640e-01  7.34601e-01
6.885e-01  -6.39501e-01  7.34786e-01
6.890e-01  -6.41355e-01  7.34973e-01
6.895e-01  -6.43210e-01  7.35162e-01
6.900e-01  -6.45063e-01  7.35353e-01
6.905e-01  -6.46916e-01  7.35546e-01
6.910e-01  -6.48764e-01  7.35740e-01
6.915e-01  -6.50616e-01  7.35937e-01
6.920e-01  -6.52461e-01  7.36135e-01
6.925e-01  -6.54308e-01  7.36336e-01
6.930e-01  -6.56151e-01  7.36538e-01
6.935e-01  -6.57992e-01  7.36742e-01
6.940e-01  -6.59830e-01  7.36948e-01
6.945e-01  -6.61671e-01  7.37156e-01
6.950e-01  -6.63506e-01  7.37366e-01
6.955e-01  -6.65340e-01  7.37577e-01
6.960e-01  -6.67173e-01  7.37790e-01
6.965e-01  -6.69002e-01  7.38006e-01
6.970e-01  -6.70829e-01  7.38223e-01
6.975e-01  -6.72655e-01  7.38442e-01
6.980e-01  -6.74476e-01  7.38663e-01
6.985e-01  -6.76299e-01  7.38886e-01
6.990e-01  -6.78116e-01  7.39110e-01
6.995e-01  -6.79934e-01  7.39337e-01
7.000e-01  -6.81745e-01  7.39565e-01
7.005e-01  -6.83557e-01  7.39796e-01
7.010e-01  -6.85368e-01  7.40028e-01
7.015e-01  -6.87171e-01  7.40262e-01
7.020e-01  -6.88976e-01  7.40498e-01
7.025e-01  -6.90776e-01  7.40735e-01
7.030e-01  -6.92575e-01  7.40975e-01
7.035e-01  -6.94368e-01  7.41218e-01
7.040e-01  -6.96163e-01  7.41461e-01
7.045e-01  -6.97949e-01  7.41706e-01
7.050e-01  -6.99738e-01  7.41955e-01
7.055e-01  -7.01518e-01  7.42204e-01
7.060e-01  -7.03302e-01  7.42456e-01
7.065e-01  -7.05075e-01  7.42709e-01
7.070e-01  -7.06849e-01  7.42964e-01
7.075e-01  -7.08620e-01  7.43222e-01
7.080e-01  -7.10384e-01  7.43480e-01
7.085e-01  -7.12149e-01  7.43742e-01
7.090e-01  -7.13908e-01  7.44005e-01
7.095e-01  -7.15660e-01  7.44269e-01
7.100e-01  -7.17412e-01  7.44535e-01
7.105e-01  -7.19160e-01  7.44803e-01
7.110e-01  -7.20902e-01  7.45074e-01
7.115e-01  -7.22639e-01  7.45346e-01
7.120e-01  -7.24373e-01  7.45622e-01
7.125e-01  -7.26106e-01  7.45900e-01
7.130e-01  -7.27832e-01  7.46183e-01
7.135e-01  -7.29555e-01  7.46471e-01
7.140e-01  -7.31273e-01  7.46766e-01
7.145e-01  -7.32989e-01  7.47068e-01
7.150e-01  -7.34701e-01  7.47377e-01
7.155e-01  -7.36430e-01  7.47747e-01
7.160e-01  -7.38077e-01  7.47892e-01
7.165e-01  -7.39673e-01  7.47870e-01
7.170e-01  -7.41277e-01  7.47875e-01
7.175e-01  -7.42882e-01  7.47874e-01
7.180e-01  -7.44488e-01  7.47874e-01
7.185e-01  -7.46098e-01  7.47874e-01
7.190e-01  -7.47710e-01  7.47874e-01
7.195e-01  -7.49322e-01  7.47874e-01
7.200e-01  -7.50938e-01  7.47874e-01
7.205e-01  -7.52554e-01  7.47874e-01
7.210e-01  -7.54172e-01  7.47874e-01
7.215e-01  -7.55792e-01  7.47874e-01
7.220e-01  -7.57417e-01  7.47874e-01
7.225e-01  -7.59041e-01  7.47874e-01
7.230e-01  -7.60668e-01  7.47874e-01
7.235e-01  -7.62296e-01  7.47874e-01
7.240e-01  -7.63928e-01  7.47874e-01
7.245e-01  -7.65559e-01  7.47874e-01
7.250e-01  -7.67193e-01  7.47874e-01
7.255e-01  -7.68829e-01  7.47874e-01
7.260e-01  -7.70467e-01  7.47874e-01
7.265e-01  -7.72107e-01  7.47874e-01
7.270e-01  -7.73749e-01  7.47874e-01
7.275e-01  -7.75394e-01  7.47874e-01
7.280e-01  -7.77040e-01  7.47874e-01
7.285e-01  -7.78689e-01  7.47874e-01
7.290e-01  -7.80341e-01  7.47874e-01
7.295e-01  -7.81994e-01  7.47874e-01
7.300e-01  -7.83648e-01  7.47874e-01
7.305e-01  -7.85305e-01  7.47874e-01
7.310e-01  -7.86964e-01  7.47874e-01
7.315e-01  -7.88626e-01  7.47874e-01
7.320e-01  -7.90288e-01  7.47874e-01
7.325e-01  -7.91953e-01  7.47874e-01
7.330e-01  -7.93622e-01  7.47874e-01
7.335e-01  -7.95292e-01  7.47874e-01
7.340e-01  -7.96963e-01  7.47874e-01
7.345e-01  -7.98636e-01  7.47874e-01
7.350e-01  -8.00311e-01  7.47874e-01
7.355e-01  -8.01990e-01  7.47874e-01
7.360e-01  -8.03671e-01  7.47874e-01
7.365e-01  -8.05353e-01  7.47874e-01
7.370e-01  -8.07036e-01  7.47874e-01
7.375e-01  -8.08722e-01  7.47874e-01
7.380e-01  -8.10411e-01  7.47874e-01
7.385e-01  -8.12103e-01  7.47874e-01
7.390e-01  -8.13797e-01  7.47874e-01
7.395e-01  -8.15493e-01  7.47874e-01
7.400e-01  -8.17190e-01  7.47874e-01
7.405e-01  -8.18891e-01  7.47874e-01
7.410e-01  -8.20594e-01  7.47874e-01
7.415e-01  -8.22299e-01  7.47874e-01
7.420e-01  -8.24007e-01  7.47874e-01
7.425e-01  -8.25717e-01  7.47874e-01
7.430e-01  -8.27430e-01  7.47874e-01
7.435e-01  -8.29145e-01  7.47874e-01
7.440e-01  -8.30862e-01  7.47874e-01
7.445e-01  -8.32580e-01  7.47874e-01
7.450e-01  -8.34299e-01  7.47874e-01
7.455e-01  -8.36023e-01  7.47874e-01
7.460e-01  -8.37751e-01  7.47874e-01
7.465e-01  -8.39481e-01  7.47874e-01
7.470e-01  -8.41212e-01  7.47874e-01
7.475e-01  -8.42945e-01  7.47874e-01
7.480e-01  -8.44680e-01  7.47874e-01
7.485e-01  -8.46417e-01  7.47874e-01
7.490e-01  -8.48157e-01  7.47874e-01
7.495e-01  -8.49900e-01  7.47874e-01
7.500e-01  -8.51645e-01  7.47874e-01
7.505e-01  -8.53393e-01  7.47874e-01
7.510e-01  -8.55144e-01  7.47874e-01
7.515e-01  -8.56897e-01  7.47874e-01
7.520e-01  -8.58653e-01  7.47874e-01
7.525e-01  -8.60412e-01  7.47874e-01
7.530e-01  -8.62173e-01  7.47874e-01
7.535e-01  -8.63937e-01  7.47874e-01
7.540e-01  -8.65702e-01  7.47874e-01
7.545e-01  -8.67469e-01  7.47874e-01
7.550e-01  -8.69240e-01  7.47874e-01
7.555e-01  -8.71014e-01  7.47874e-01
7.560e-01  -8.72792e-01  7.47874e-01
7.565e-01  -8.74571e-01  7.47874e-01
7.570e-01  -8.76353e-01  7.47874e-01
7.575e-01  -8.78137e-01  7.47874e-01
7.580e-01  -8.79923e-01  7.47874e-01
7.585e-01  -8.81712e-01  7.47874e-01
7.590e-01  -8.83504e-01  7.47874e-01
7.595e-01  -8.85299e-01  7.47874e-01
7.600e-01  -8.87096e-01  7.47874e-01
7.605e-01  -8.88896e-01  7.47874e-01
7.610e-01  -8.90698e-01  7.47874e-01
7.615e-01  -8.92505e-01  7.47874e-01
7.620e-01  -8.94314e-01  7.47874e-01
7.625e-01  -8.96125e-01  7.47874e-01
7.630e-01  -8.97939e-01  7.47874e-01
7.635e-01  -8.99756e-01  7.47874e-01
7.640e-01  -9.01576e-01  7.47874e-01
7.645e-01  -9.03398e-01  7.47874e-01
7.650e-01  -9.05223e-01  7.47874e-01
7.655e-01  -9.07052e-01  7.47874e-01
7.660e-01  -9.08883e-01  7.47874e-01
7.665e-01  -9.10717e-01  7.47874e-01
7.670e-01  -9.12555e-01  7.47874e-01
7.675e-01  -9.14395e-01  7.47874e-01
7.680e-01  -9.16239e-01  7.47874e-01
7.685e-01  -9.18085e-01  7.47874e-01
7.690e-01  -9.19933e-01  7.47874e-01
7.695e-01  -9.21784e-01  7.47874e-01
7.700e-01  -9.23638e-01  7.47874e-01
7.705e-01  -9.25495e-01  7.47874e-01
7.710e-01  -9.27356e-01  7.47874e-01
7.715e-01  -9.29220e-01  7.47874e-01
7.720e-01  -9.31086e-01  7.47874e-01
7.725e-01  -9.32956e-01  7.47874e-01
7.730e-01  -9.34828e-01  7.47874e-01
7.735e-01  -9.36704e-01  7.47874e-01
7.740e-01  -9.38584e-01  7.47874e-01
7.745e-01  -9.40466e-01  7.47874e-01
7.750e-01  -9.42352e-01  7.47874e-01
7.755e-01  -9.44241e-01  7.47874e-01
7.760e-01  -9.46133e-01  7.47874e-01
7.765e-01  -9.48028e-01  7.47874e-01
7.770e-01  -9.49926e-01  7.47874e-01
7.775e-01  -9.51827e-01  7.47874e-01
7.780e-01  -9.53731e-01  7.47874e-01
7.785e-01  -9.55638e-01  7.47874e-01
7.790e-01  -9.57549e-01  7.47874e-01
7.795e-01  -9.59463e-01  7.47874e-01
7.800e-01  -9.61381e-01  7.47874e-01
7.805e-01  -9.63302e-01  7.47874e-01
7.810e-01  -9.65226e-01  7.47874e-01
7.815e-01  -9.67154e-01  7.47874e-01
7.820e-01  -9.69085e-01  7.47874e-01
7.825e-01  -9.71019e-01  7.47874e-01
7.830e-01  -9.72956e-01  7.47874e-01
7.835e-01  -9.74897e-01  7.47874e-01
7.840e-01  -9.76842e-01  7.47874e-01
7.845e-01  -9.78790e-01  7.47874e-01
7.850e-01  -9.80741e-01  7.47874e-01
7.855e-01  -9.82695e-01  7.47874e-01
7.860e-01  -9.84653e-01  7.47874e-01
7.865e-01  -9.86615e-01  7.47874e-01
7.870e-01  -9.88581e-01  7.47874e-01
7.875e-01  -9.90551e-01  7.47874e-01
7.880e-01  -9.92524e-01  7.47874e-01
7.885e-01  -9.94500e-01  7.47874e-01
7.890e-01  -9.96480e-01  7.47874e-01
7.895e-01  -9.98463e-01  7.47874e-01
7.900e-01  -1.00045e+00  7.47874e-01
7.905e-01  -1.00244e+00  7.47874e-01
7.910e-01  -1.00443e+00  7.47874e-01
7.915e-01  -1.00643e+00  7.47874e-01
7.920e-01  -1.00844e+00  7.47874e-01
7.925e-01  -1.01044e+00  7.47874e-01
7.930e-01  -1.01245e+00  7.47874e-01
7.935e-01  -1.01447e+00  7.47874e-01
7.940e-01  -1.01649e+00  7.47874e-01
7.945e-01  -1.01851e+00  7.47874e-01
7.950e-01  -1.02053e+00  7.47874e-01
7.955e-01  -1.02255e+00  7.47874e-01
7.960e-01  -1.02458e+00  7.47874e-01
7.965e-01  -1.02662e+00  7.47874e-01
7.970e-01  -1.02866e+00  7.47874e-01
7.975e-01  -1.03070e+00  7.47874e-01
7.980e-01  -1.03275e+00  7.47874e-01
7.985e-01  -1.03480e+00  7.47874e-01
7.990e-01  -1.03686e+00  7.47874e-01
7.995e-01  -1.03892e+00  7.47874e-01
8.000e-01  -1.04099e+00  7.47874e-01
8.005e-01  -1.04306e+00  7.47874e-01
8.010e-01  -1.04513e+00  7.47874e-01
8.015e-01  -1.04720e+00  7.47874e-01
8.020e-01  -1.04928e+00  7.47874e-01
8.025e-01  -1.05137e+00  7.47874e-01
8.030e-01  -1.05345e+00  7.47874e-01
8.035e-01  -1.05555e+00  7.47874e-01
8.040e-01  -1.05765e+00  7.47874e-01
8.045e-01  -1.05975e+00  7.47874e-01
8.050e-01  -1.06186e+00  7.47874e-01
8.055e-01  -1.06397e+00  7.47874e-01
8.060e-01  -1.06609e+00  7.47874e-01
8.065e-01  -1.06820e+00  7.47874e-01
8.070e-01  -1.07033e+00  7.47874e-01
8.075e-01  -1.07245e+00  7.47874e-01
8.080e-01  -1.07458e+00  7.47874e-01
8.085e-01  -1.07672e+00  7.47874e-01
8.090e-01  -1.07886e+00  7.47874e-01
8.095e-01  -1.08101e+00  7.47874e-01
8.100e-01  -1.08316e+00  7.47874e-01
8.105e-01  -1.08531e+00  7.47874e-01
8.110e-01  -1.08747e+00  7.47874e-01
8.115e-01  -1.08963e+00  7.47874e-01
8.120e-01  -1.09180e+00  7.47874e-01
8.125e-01  -1.09397e+00  7.47874e-01
8.130e-01  -1.09615e+00  7.47874e-01
8.135e-01  -1.09833e+00  7.47874e-01
8.140e-01  -1.10052e+00  7.47874e-01
8.145e-01  -1.10271e+00  7.47874e-01
8.150e-01  -1.10491e+00  7.47874e-01
8.155e-01  -1.10711e+00  7.47874e-01
8.160e-01  -1.10932e+00  7.47874e-01
8.165e-01  -1.11153e+00  7.47874e-01
8.170e-01  -1.11375e+00  7.47874e-01
8.175e-01  -1.11597e+00  7.47874e-01
8.180e-01  -1.11820e+00  7.47874e-01
8.185e-01  -1.12043e+00  7.47874e-01
8.190e-01  -1.12266e+00  7.47874e-01
8.195e-01  -1.12491e+00  7.47874e-01
8.200e-01  -1.12715e+00  7.47874e-01
8.205e-01  -1.12940e+00  7.47874e-01
8.210e-01  -1.13166e+00  7.47874e-01
8.215e-01  -1.13392e+00  7.47874e-01
8.220e-01  -1.13619e+00  7.47874e-01
8.225e-01  -1.13846e+00  7.47874e-01
8.230e-01  -1.14073e+00  7.47874e-01
8.235e-01  -1.14302e+00  7.47874e-01
8.240e-01  -1.14530e+00  7.47874e-01
8.245e-01  -1.14759e+00  7.47874e-01
8.250e-01  -1.14989e+00  7.47874e-01
8.255e-01  -1.15220e+00  7.47874e-01
8.260e-01  -1.15451e+00  7.47874e-01
8.265e-01  -1.15682e+00  7.47874e-01
8.270e-01  -1.15914e+00  7.47874e-01
8.275e-01  -1.16147e+00  7.47874e-01
8.280e-01  -1.16380e+00  7.47874e-01
8.285e-01  -1.16614e+00  7.47874e-01
8.290e-01  -1.16848e+00  7.47874e-01
8.295e-01  -1.17083e+00  7.47874e-01
8.300e-01  -1.17318e+00  7.47874e-01
8.305e-01  -1.17555e+00  7.47874e-01
8.310e-01  -1.17791e+00  7.47874e-01
8.315e-01  -1.18029e+00  7.47874e-01
8.320e-01  -1.18267e+00  7.47874e-01
8.325e-01  -1.18505e+00  7.47874e-01
8.330e-01  -1.18744e+00  7.47874e-01
8.335e-01  -1.18983e+00  7.47874e-01
8.340e-01  -1.19223e+00  7.47874e-01
8.345e-01  -1.19464e+00  7.47874e-01
8.350e-01  -1.19705e+00  7.47874e-01
8.355e-01  -1.19947e+00  7.47874e-01
8.360e-01  -1.20190e+00  7.47874e-01
8.365e-01  -1.20433e+00  7.47874e-01
8.370e-01  -1.20677e+00  7.47874e-01
8.375e-01  -1.20922e+00  7.47874e-01
8.380e-01  -1.21167e+00  7.47874e-01
8.385e-01  -1.21413e+00  7.47874e-01
8.390e-01  -1.21659e+00  7.47874e-01
8.395e-01  -1.21906e+00  7.47874e-01
8.400e-01  -1.22154e+00  7.47874e-01
8.405e-01  -1.22403e+00  7.47874e-01
8.410e-01  -1.22652e+00  7.47874e-01
8.415e-01  -1.22901e+00  7.47874e-01
8.420e-01  -1.23151e+00  7.47874e-01
8.425e-01  -1.23402e+00  7.47874e-01
8.430e-01  -1.23654e+00  7.47874e-01
8.435e-01  -1.23907e+00  7.47874e-01
8.440e-01  -1.24160e+00  7.47874e-01
8.445e-01  -1.24414e+00  7.47874e-01
8.450e-01  -1.24669e+00  7.47874e-01
8.455e-01  -1.24924e+00  7.47874e-01
8.460e-01  -1.25180e+00  7.47874e-01
8.465e-01  -1.25436e+00  7.47874e-01
8.470e-01  -1.25694e+00  7.47874e-01
8.475e-01  -1.25951e+00  7.47874e-01
8.480e-01  -1.26210e+00  7.47874e-01
8.485e-01  -1.26470e+00  7.47874e-01
8.490e-01  -1.26730e+00  7.47874e-01
8.495e-01  -1.26991e+00  7.47874e-01
8.500e-01  -1.27253e+00  7.47874e-01
8.505e-01  -1.27515e+00  7.47874e-01
8.510e-01  -1.27779e+00  7.47874e-01
8.515e-01  -1.28043e+00  7.47874e-01
8.520e-01  -1.28308e+00  7.47874e-01
8.525e-01  -1.28573e+00  7.47874e-01
8.530e-01  -1.28840e+00  7.47874e-01
8.535e-01  -1.29107e+00  7.47874e-01
8.540e-01  -1.29375e+00  7.47874e-01
8.545e-01  -1.29644e+00  7.47874e-01
8.550e-01  -1.29913e+00  7.47874e-01
8.555e-01  -1.30184e+00  7.47874e-01
8.560e-01  -1.30455e+00  7.47874e-01
8.565e-01  -1.30727e+00  7.47874e-01
8.570e-01  -1.30999e+00  7.47874e-01
8.575e-01  -1.31273e+00  7.47874e-01
8.580e-01  -1.31548e+00  7.47874e-01
8.585e-01  -1.31823e+00  7.47874e-01
8.590e-01  -1.32099e+00  7.47874e-01
8.595e-01  -1.32376e+00  7.47874e-01
8.600e-01  -1.32654e+00  7.47874e-01
8.605e-01  -1.32933e+00  7.47874e-01
8.610e-01  -1.33212e+00  7.47874e-01
8.615e-01  -1.33493e+00  7.47874e-01
8.620e-01  -1.33774e+00  7.47874e-01
8.625e-01  -1.34057e+00  7.47874e-01
8.630e-01  -1.34340e+00  7.47874e-01
8.635e-01  -1.34625e+00  7.47874e-01
8.640e-01  -1.34910e+00  7.47874e-01
8.645e-01  -1.35196e+00  7.47874e-01
8.650e-01  -1.35483e+00  7.47874e-01
8.655e-01  -1.35771e+00  7.47874e-01
8.660e-01  -1.36059e+00  7.47874e-01
8.665e-01  -1.36349e+00  7.47874e-01
8.670e-01  -1.36640e+00  7.47874e-01
8.675e-01  -1.36932e+00  7.47874e-01
8.680e-01  -1.37225e+00  7.47874e-01
8.685e-01  -1.37518e+00  7.47874e-01
8.690e-01  -1.37813e+00  7.47874e-01
8.695e-01  -1.38109e+00  7.47874e-01
8.700e-01  -1.38405e+00  7.47874e-01
8.705e-01  -1.38703e+00  7.47874e-01
8.710e-01  -1.39002e+00  7.47874e-01
8.715e-01  -1.39302e+00  7.47874e-01
8.720e-01  -1.39604e+00  7.47874e-01
8.725e-01  -1.39906e+00  7.47874e-01
8.730e-01  -1.40209e+00  7.47874e-01
8.735e-01  -1.40512e+00  7.47874e-01
8.740e-01  -1.40817e+00  7.47874e-01
8.745e-01  -1.41123e+00  7.47874e-01
8.750e-01  -1.41431e+00  7.47874e-01
8.755e-01  -1.41739e+00  7.47874e-01
8.760e-01  -1.42049e+00  7.47874e-01
8.765e-01  -1.42360e+00  7.47874e-01
8.770e-01  -1.42672e+00  7.47874e-01
8.775e-01  -1.42985e+00  7.47874e-01
8.780e-01  -1.43299e+00  7.47874e-01
8.785e-01  -1.43614e+00  7.47874e-01
8.790e-01  -1.43931e+00  7.47874e-01
8.795e-01  -1.44249e+00  7.47874e-01
8.800e-01  -1.44568e+00  7.47874e-01
8.805e-01  -1.44888e+00  7.47874e-01
8.810e-01  -1.45209e+00  7.47874e-01
8.815e-01  -1.45532e+00  7.47874e-01
8.820e-01  -1.45856e+00  7.47874e-01
8.825e-01  -1.46181e+00  7.47874e-01
8.830e-01  -1.46507e+00  7.47874e-01
8.835e-01  -1.46835e+00  7.47874e-01
8.840e-01  -1.47164e+00  7.47874e-01
8.845e-01  -1.47494e+00  7.47874e-01
8.850e-01  -1.47826e+00  7.47874e-01
8.855e-01  -1.48159e+00  7.47874e-01
8.860e-01  -1.48493e+00  7.47874e-01
8.865e-01  -1.48828e+00  7.47874e-01
8.870e-01  -1.49165e+00  7.47874e-01
8.875e-01  -1.49503e+00  7.47874e-01
8.880e-01  -1.49843e+00  7.47874e-01
8.885e-01  -1.50184e+00  7.47874e-01
8.890e-01  -1.50527e+00  7.47874e-01
8.895e-01  -1.50871e+00  7.47874e-01
8.900e-01  -1.51216e+00  7.47874e-01
8.905e-01  -1.51563e+00  7.47874e-01
8.910e-01  -1.51912e+00  7.47874e-01
8.915e-01  -1.52262e+00  7.47874e-01
8.920e-01  -1.52613e+00  7.47874e-01
8.925e-01  -1.52966e+00  7.47874e-01
8.930e-01  -1.53320e+00  7.47874e-01
8.935e-01  -1.53675e+00  7.47874e-01
8.940e-01  -1.54033e+00  7.47874e-01
8.945e-01  -1.54392e+00  7.47874e-01
8.950e-01  -1.54753e+00  7.47874e-01
8.955e-01  -1.55115e+00  7.47874e-01
8.960e-01  -1.55479e+00  7.47874e-01
8.965e-01  -1.55845e+00  7.47874e-01
8.970e-01  -1.56212e+00  7.47874e-01
8.975e-01  -1.56580e+00  7.47874e-01
8.980e-01  -1.56951e+00  7.47874e-01
8.985e-01  -1.57324e+00  7.47874e-01
8.990e-01  -1.57698e+00  7.47874e-01
8.995e-01  -1.58074e+00  7.47874e-01
9.000e-01  -1.58451e+00  7.47874e-01
9.005e-01  -1.58830e+00  7.47874e-01
9.010e-01  -1.59210e+00  7.47874e-01
9.015e-01  -1.59593e+00  7.47874e-01
9.020e-01  -1.59978e+00  7.47874e-01
9.025e-01  -1.60365e+00  7.47874e-01
9.030e-01  -1.60754e+00  7.47874e-01
9.035e-01  -1.61145e+00  7.47874e-01
9.040e-01  -1.61537e+00  7.47874e-01
9.045e-01  -1.61932e+00  7.47874e-01
9.050e-01  -1.62328e+00  7.47874e-01
9.055e-01  -1.62726e+00  7.47874e-01
9.060e-01  -1.63126e+00  7.47874e-01
9.065e-01  -1.63528e+00  7.47874e-01
9.070e-01  -1.63932e+00  7.47874e-01
9.075e-01  -1.64339e+00  7.47874e-01
9.080e-01  -1.64748e+00  7.47874e-01
9.085e-01  -1.65158e+00  7.47874e-01
9.090e-01  -1.65571e+00  7.47874e-01
9.095e-01  -1.65986e+00  7.47874e-01
9.100e-01  -1.66403e+00  7.47874e-01
9.105e-01  -1.66823e+00  7.47874e-01
9.110e-01  -1.67245e+00  7.47874e-01
9.115e-01  -1.67669e+00  7.47874e-01
9.120e-01  -1.68095e+00  7.47874e-01
9.125e-01  -1.68523e+00  7.47874e-01
9.130e-01  -1.68955e+00  7.47874e-01
9.135e-01  -1.69388e+00  7.47874e-01
9.140e-01  -1.69824e+00  7.47874e-01
9.145e-01  -1.70262e+00  7.47874e-01
9.150e-01  -1.70703e+00  7.47874e-01
9.155e-01  -1.71147e+00  7.47874e-01
9.160e-01  -1.71593e+00  7.47874e-01
9.165e-01  -1.72042e+00  7.47874e-01
9.170e-01  -1.72493e+00  7.47874e-01
9.175e-01  -1.72947e+00  7.47874e-01
9.180e-01  -1.73404e+00  7.47874e-01
9.185e-01  -1.73862e+00  7.47874e-01
9.190e-01  -1.74324e+00  7.47874e-01
9.195e-01  -1.74790e+00  7.47874e-01
9.200e-01  -1.75258e+00  7.47874e-01
9.205e-01  -1.75728e+00  7.47874e-01
9.210e-01  -1.76201e+00  7.47874e-01
9.215e-01  -1.76677e+00  7.47874e-01
9.220e-01  -1.77157e+00  7.47874e-01
9.225e-01  -1.77640e+00  7.47874e-01
9.230e-01  -1.78125e+00  7.47874e-01
9.235e-01  -1.78614e+00  7.47874e-01
9.240e-01  -1.79106e+00  7.47874e-01
9.245e-01  -1.79601e+00  7.47874e-01
9.250e-01  -1.80100e+00  7.47874e-01
9.255e-01  -1.80601e+00  7.47874e-01
9.260e-01  -1.81106e+00  7.47874e-01
9.265e-01  -1.81615e+00  7.47874e-01
9.270e-01  -1.82127e+00  7.47874e-01
9.275e-01  -1.82643e+00  7.47874e-01
9.280e-01  -1.83162e+00  7.47874e-01
9.285e-01  -1.83685e+00  7.47874e-01
9.290e-01  -1.84212e+00  7.47874e-01
9.295e-01  -1.84742e+00  7.47874e-01
9.300e-01  -1.85275e+00  7.47874e-01
9.305e-01  -1.85813e+00  7.47874e-01
9.310e-01  -1.86355e+00  7.47874e-01
9.315e-01  -1.86901e+00  7.47874e-01
9.320e-01  -1.87451e+00  7.47874e-01
9.325e-01  -1.88004e+00  7.47874e-01
9.330e-01  -1.88562e+00  7.47874e-01
9.335e-01  -1.89124e+00  7.47874e-01
9.340e-01  -1.89692e+00  7.47874e-01
9.345e-01  -1.90262e+00  7.47874e-01
9.350e-01  -1.90837e+00  7.47874e-01
9.355e-01  -1.91416e+00  7.47874e-01
9.360e-01  -1.92001e+00  7.47874e-01
9.365e-01  -1.92590e+00  7.47874e-01
9.370e-01  -1.93185e+00  7.47874e-01
9.375e-01  -1.93784e+00  7.47874e-01
9.380e-01  -1.94387e+00  7.47874e-01
9.385e-01  -1.94996e+00  7.47874e-01
9.390e-01  -1.95610e+00  7.47874e-01
9.395e-01  -1.96229e+00  7.47874e-01
9.400e-01  -1.96854e+00  7.47874e-01
9.405e-01  -1.97483e+00  7.47874e-01
9.410e-01  -1.98118e+00  7.47874e-01
9.415e-01  -1.98759e+00  7.47874e-01
9.420e-01  -1.99406e+00  7.47874e-01
9.425e-01  -2.00060e+00  7.47874e-01
9.430e-01  -2.00718e+00  7.47874e-01
9.435e-01  -2.01382e+00  7.47874e-01
9.440e-01  -2.02052e+00  7.47874e-01
9.445e-01  -2.02729e+00  7.47874e-01
9.450e-01  -2.03412e+00  7.47874e-01
9.455e-01  -2.04102e+00  7.47874e-01
9.460e-01  -2.04798e+00  7.47874e-01
9.465e-01  -2.05502e+00  7.47874e-01
9.470e-01  -2.06213e+00  7.47874e-01
9.475e-01  -2.06931e+00  7.47874e-01
9.480e-01  -2.07655e+00  7.47874e-01
9.485e-01  -2.08386e+00  7.47874e-01
9.490e-01  -2.09127e+00  7.47874e-01
9.495e-01  -2.09875e+00  7.47874e-01
9.500e-01  -2.10631e+00  7.47874e-01
9.505e-01  -2.11394e+00  7.47874e-01
9.510e-01  -2.12166e+00  7.47874e-01
9.515e-01  -2.12946e+00  7.47874e-01
9.520e-01  -2.13736e+00  7.47874e-01
9.525e-01  -2.14535e+00  7.47874e-01
9.530e-01  -2.15343e+00  7.47874e-01
9.535e-01  -2.16160e+00  7.47874e-01
9.540e-01  -2.16986e+00  7.47874e-01
9.545e-01  -2.17822e+00  7.47874e-01
9.550e-01  -2.18669e+00  7.47874e-01
9.555e-01  -2.19526e+00  7.47874e-01
9.560e-01  -2.20393e+00  7.47874e-01
9.565e-01  -2.21270e+00  7.47874e-01
9.570e-01  -2.22161e+00  7.47874e-01
9.575e-01  -2.23063e+00  7.47874e-01
9.580e-01  -2.23975e+00  7.47874e-01
9.585e-01  -2.24899e+00  7.47874e-01
9.590e-01  -2.25838e+00  7.47874e-01
9.595e-01  -2.26789e+00  7.47874e-01
9.600e-01  -2.27753e+00  7.47874e-01
9.605e-01  -2.28730e+00  7.47874e-01
9.610e-01  -2.29721e+00  7.47874e-01
9.615e-01  -2.30725e+00  7.47874e-01
9.620e-01  -2.31745e+00  7.47874e-01
9.625e-01  -2.32782e+00  7.47874e-01
9.630e-01  -2.33835e+00  7.47874e-01
9.635e-01  -2.34903e+00  7.47874e-01
9.640e-01  -2.35988e+00  7.47874e-01
9.645e-01  -2.37091e+00  7.47874e-01
9.650e-01  -2.38212e+00  7.47874e-01
9.655e-01  -2.39350e+00  7.47874e-01
9.660e-01  -2.40509e+00  7.47874e-01
9.665e-01  -2.41689e+00  7.47874e-01
9.670e-01  -2.42888e+00  7.47874e-01
9.675e-01  -2.44108e+00  7.47874e-01
9.680e-01  -2.45353e+00  7.47874e-01
9.685e-01  -2.46619e+00  7.47874e-01
9.690e-01  -2.47912e+00  7.47874e-01
9.695e-01  -2.49227e+00  7.47874e-01
9.700e-01  -2.50569e+00  7.47874e-01
9.705e-01  -2.51938e+00  7.47874e-01
9.710e-01  -2.53334e+00  7.47874e-01
9.715e-01  -2.54759e+00  7.47874e-01
9.720e-01  -2.56216e+00  7.47874e-01
9.725e-01  -2.57705e+00  7.47874e-01
9.730e-01  -2.59225e+00  7.47874e-01
9.735e-01  -2.60780e+00  7.47874e-01
9.740e-01  -2.62373e+00  7.47874e-01
9.745e-01  -2.64003e+00  7.47874e-01
9.750e-01  -2.65668e+00  7.47874e-01
9.755e-01  -2.67376e+00  7.47874e-01
9.760e-01  -2.69128e+00  7.47874e-01
9.765e-01  -2.70925e+00  7.47874e-01
9.770e-01  -2.72765e+00  7.47874e-01
9.775e-01  -2.74654e+00  7.47874e-01
9.780e-01  -2.76591e+00  7.47874e-01
9.785e-01  -2.78582e+00  7.47874e-01
9.790e-01  -2.80627e+00  7.47874e-01
9.795e-01  -2.82723e+00  7.47874e-01
9.800e-01  -2.84886e+00  7.47874e-01
9.805e-01  -2.87104e+00  7.47874e-01
9.810e-01  -2.89386e+00  7.47874e-01
9.815e-01  -2.91740e+00  7.47874e-01
9.820e-01  -2.94162e+00  7.47874e-01
9.825e-01  -2.96656e+00  7.47874e-01
9.830e-01  -2.99229e+00  7.47874e-01
9.835e-01  -3.01890e+00  7.47874e-01
9.840e-01  -3.04640e+00  7.47874e-01
9.845e-01  -3.07491e+00  7.47874e-01
9.850e-01  -3.10461e+00  7.47874e-01
9.855e-01  -3.13546e+00  7.47874e-01
9.860e-01  -3.16767e+00  7.47874e-01
9.865e-01  -3.20147e+00  7.47874e-01
9.870e-01  -3.23696e+00  7.47874e-01
9.875e-01  -3.27448e+00  7.47874e-01
9.880e-01  -3.31415e+00  7.47874e-01
9.885e-01  -3.35631e+00  7.47874e-01
9.890e-01  -3.40130e+00  7.47874e-01
9.895e-01  -3.44956e+00  7.47874e-01
9.900e-01  -3.50127e+00  7.47874e-01
9.905e-01  -3.55708e+00  7.47874e-01
9.910e-01  -3.61737e+00  7.47874e-01
9.915e-01  -3.68250e+00  7.47874e-01
9.920e-01  -3.75314e+00  7.47874e-01
9.925e-01  -3.82980e+00  7.47874e-01
9.930e-01  -3.91330e+00  7.47874e-01
9.935e-01  -4.00429e+00  7.47874e-01
9.940e-01  -4.10380e+00  7.47874e-01
9.945e-01  -4.21299e+00  7.47874e-01
9.950e-01  -4.33342e+00  7.47874e-01
9.955e-01  -4.46660e+00  7.47874e-01
9.960e-01  -4.61432e+00  7.47874e-01
9.965e-01  -4.77906e+00  7.47874e-01
9.970e-01  -4.96325e+00  7.47874e-01
9.975e-01  -5.17048e+00  7.47874e-01
9.980e-01  -5.40487e+00  7.47874e-01
9.985e-01  -5.67211e+00  7.47874e-01
9.990e-01  -5.98178e+00  7.47874e-01
9.995e-01  -6.34604e+00  7.47874e-01
1.000e+00  -6.78196e+00  7.47874e-01
