# Magnus solar model B23-MB22p
#
# Reference:  Y. Herrera and A. Serenelli, "Standard Solar Models B23 / SF-III", Zenodo, v1.2 (2023), doi:10.5281/zenodo.10822316; solar composition Magg et al. (2022), A&A 661, A140 (photospheric)
# Source:     https://zenodo.org/records/10822316/files/SolarModels_ICE2023_v1.2.zip
# Original:   SolarModels/struct+nu_SF3_MB22p.dat
# Retrieved:  2026-09-23
# SHA-256:    382037d76ed35c9b50a4094d3ada3c90284af025c3235b49cda9d932699f87d0 (of SolarModels_ICE2023_v1.2.zip)
# Terms:      Creative Commons Attribution 4.0 International (CC-BY-4.0).
# Modified:   columns extracted only -- radius [R_sun], log10_rho_g_per_cm3, hydrogen mass fraction X --
#             each value copied from the original as written; nothing recomputed or rounded.
#             Built by tools/build_solar_model_tables.py.
# density_column: log10_rho_g_per_cm3
#
# The original header follows, as the authors wrote it:
#
#    #     R_sun        mass_sun           L_sun            logR            logT            logP          logRho          Csound              dm           nu_pp          nu_pep          nu_hep          nu_7Be           nu_8B          nu_13N          nu_15O          nu_17F          log_ne              H1             He4             He3             C12             C13             N14             N15             O16             O17             O18              Ne              Na              Mg              Al              Si               P               S              Cl              Ar               K              Ca              Sc              Ti               V              Cr              Mn              Fe              Co              Ni
#
# r_over_r_sun  log10_rho_g_per_cm3  x_hydrogen
0.000e+00  2.17568e+00  3.46728e-01
5.000e-04  2.17565e+00  3.46757e-01
1.000e-03  2.17564e+00  3.46773e-01
1.500e-03  2.17561e+00  3.46795e-01
2.000e-03  2.17555e+00  3.46841e-01
2.500e-03  2.17548e+00  3.46904e-01
3.000e-03  2.17539e+00  3.46983e-01
3.500e-03  2.17529e+00  3.47078e-01
4.000e-03  2.17516e+00  3.47188e-01
4.500e-03  2.17503e+00  3.47313e-01
5.000e-03  2.17487e+00  3.47453e-01
5.500e-03  2.17469e+00  3.47608e-01
6.000e-03  2.17451e+00  3.47778e-01
6.500e-03  2.17430e+00  3.47963e-01
7.000e-03  2.17408e+00  3.48162e-01
7.500e-03  2.17385e+00  3.48376e-01
8.000e-03  2.17359e+00  3.48605e-01
8.500e-03  2.17332e+00  3.48849e-01
9.000e-03  2.17303e+00  3.49107e-01
9.500e-03  2.17273e+00  3.49379e-01
1.000e-02  2.17241e+00  3.49666e-01
1.050e-02  2.17208e+00  3.49967e-01
1.100e-02  2.17173e+00  3.50283e-01
1.150e-02  2.17136e+00  3.50614e-01
1.200e-02  2.17098e+00  3.50959e-01
1.250e-02  2.17058e+00  3.51317e-01
1.300e-02  2.17017e+00  3.51691e-01
1.350e-02  2.16974e+00  3.52078e-01
1.400e-02  2.16929e+00  3.52479e-01
1.450e-02  2.16883e+00  3.52894e-01
1.500e-02  2.16836e+00  3.53324e-01
1.550e-02  2.16787e+00  3.53767e-01
1.600e-02  2.16736e+00  3.54225e-01
1.650e-02  2.16683e+00  3.54695e-01
1.700e-02  2.16630e+00  3.55180e-01
1.750e-02  2.16574e+00  3.55678e-01
1.800e-02  2.16517e+00  3.56190e-01
1.850e-02  2.16459e+00  3.56716e-01
1.900e-02  2.16399e+00  3.57254e-01
1.950e-02  2.16338e+00  3.57807e-01
2.000e-02  2.16275e+00  3.58373e-01
2.050e-02  2.16210e+00  3.58952e-01
2.100e-02  2.16145e+00  3.59543e-01
2.150e-02  2.16078e+00  3.60148e-01
2.200e-02  2.16009e+00  3.60766e-01
2.250e-02  2.15939e+00  3.61397e-01
2.300e-02  2.15866e+00  3.62041e-01
2.350e-02  2.15794e+00  3.62697e-01
2.400e-02  2.15719e+00  3.63365e-01
2.450e-02  2.15644e+00  3.64047e-01
2.500e-02  2.15566e+00  3.64741e-01
2.550e-02  2.15487e+00  3.65446e-01
2.600e-02  2.15407e+00  3.66165e-01
2.650e-02  2.15326e+00  3.66895e-01
2.700e-02  2.15243e+00  3.67637e-01
2.750e-02  2.15159e+00  3.68392e-01
2.800e-02  2.15073e+00  3.69158e-01
2.850e-02  2.14986e+00  3.69936e-01
2.900e-02  2.14897e+00  3.70724e-01
2.950e-02  2.14808e+00  3.71525e-01
3.000e-02  2.14717e+00  3.72338e-01
3.050e-02  2.14625e+00  3.73162e-01
3.100e-02  2.14532e+00  3.73996e-01
3.150e-02  2.14437e+00  3.74841e-01
3.200e-02  2.14340e+00  3.75698e-01
3.250e-02  2.14243e+00  3.76565e-01
3.300e-02  2.14145e+00  3.77444e-01
3.350e-02  2.14045e+00  3.78333e-01
3.400e-02  2.13943e+00  3.79231e-01
3.450e-02  2.13842e+00  3.80141e-01
3.500e-02  2.13738e+00  3.81060e-01
3.550e-02  2.13633e+00  3.81990e-01
3.600e-02  2.13527e+00  3.82930e-01
3.650e-02  2.13420e+00  3.83880e-01
3.700e-02  2.13312e+00  3.84839e-01
3.750e-02  2.13203e+00  3.85807e-01
3.800e-02  2.13092e+00  3.86786e-01
3.850e-02  2.12980e+00  3.87773e-01
3.900e-02  2.12868e+00  3.88770e-01
3.950e-02  2.12754e+00  3.89776e-01
4.000e-02  2.12638e+00  3.90791e-01
4.050e-02  2.12522e+00  3.91815e-01
4.100e-02  2.12405e+00  3.92847e-01
4.150e-02  2.12287e+00  3.93889e-01
4.200e-02  2.12168e+00  3.94938e-01
4.250e-02  2.12047e+00  3.95995e-01
4.300e-02  2.11926e+00  3.97062e-01
4.350e-02  2.11803e+00  3.98136e-01
4.400e-02  2.11679e+00  3.99217e-01
4.450e-02  2.11555e+00  4.00307e-01
4.500e-02  2.11430e+00  4.01404e-01
4.550e-02  2.11303e+00  4.02509e-01
4.600e-02  2.11175e+00  4.03621e-01
4.650e-02  2.11046e+00  4.04740e-01
4.700e-02  2.10916e+00  4.05866e-01
4.750e-02  2.10786e+00  4.06999e-01
4.800e-02  2.10654e+00  4.08140e-01
4.850e-02  2.10522e+00  4.09287e-01
4.900e-02  2.10388e+00  4.10440e-01
4.950e-02  2.10254e+00  4.11599e-01
5.000e-02  2.10119e+00  4.12766e-01
5.050e-02  2.09982e+00  4.13938e-01
5.100e-02  2.09845e+00  4.15116e-01
5.150e-02  2.09707e+00  4.16301e-01
5.200e-02  2.09568e+00  4.17492e-01
5.250e-02  2.09429e+00  4.18687e-01
5.300e-02  2.09289e+00  4.19889e-01
5.350e-02  2.09147e+00  4.21095e-01
5.400e-02  2.09006e+00  4.22307e-01
5.450e-02  2.08863e+00  4.23524e-01
5.500e-02  2.08719e+00  4.24746e-01
5.550e-02  2.08575e+00  4.25973e-01
5.600e-02  2.08430e+00  4.27205e-01
5.650e-02  2.08284e+00  4.28440e-01
5.700e-02  2.08138e+00  4.29681e-01
5.750e-02  2.07990e+00  4.30926e-01
5.800e-02  2.07842e+00  4.32176e-01
5.850e-02  2.07693e+00  4.33428e-01
5.900e-02  2.07544e+00  4.34685e-01
5.950e-02  2.07394e+00  4.35946e-01
6.000e-02  2.07243e+00  4.37211e-01
6.050e-02  2.07092e+00  4.38479e-01
6.100e-02  2.06939e+00  4.39750e-01
6.150e-02  2.06786e+00  4.41026e-01
6.200e-02  2.06633e+00  4.42304e-01
6.250e-02  2.06478e+00  4.43584e-01
6.300e-02  2.06324e+00  4.44868e-01
6.350e-02  2.06169e+00  4.46156e-01
6.400e-02  2.06012e+00  4.47446e-01
6.450e-02  2.05856e+00  4.48738e-01
6.500e-02  2.05699e+00  4.50032e-01
6.550e-02  2.05541e+00  4.51330e-01
6.600e-02  2.05382e+00  4.52630e-01
6.650e-02  2.05223e+00  4.53931e-01
6.700e-02  2.05064e+00  4.55235e-01
6.750e-02  2.04903e+00  4.56541e-01
6.800e-02  2.04743e+00  4.57849e-01
6.850e-02  2.04583e+00  4.59158e-01
6.900e-02  2.04421e+00  4.60468e-01
6.950e-02  2.04258e+00  4.61780e-01
7.000e-02  2.04096e+00  4.63094e-01
7.050e-02  2.03933e+00  4.64409e-01
7.100e-02  2.03769e+00  4.65725e-01
7.150e-02  2.03604e+00  4.67042e-01
7.200e-02  2.03439e+00  4.68360e-01
7.250e-02  2.03275e+00  4.69678e-01
7.300e-02  2.03109e+00  4.70998e-01
7.350e-02  2.02942e+00  4.72317e-01
7.400e-02  2.02776e+00  4.73638e-01
7.450e-02  2.02609e+00  4.74959e-01
7.500e-02  2.02442e+00  4.76280e-01
7.550e-02  2.02274e+00  4.77600e-01
7.600e-02  2.02105e+00  4.78921e-01
7.650e-02  2.01937e+00  4.80243e-01
7.700e-02  2.01768e+00  4.81564e-01
7.750e-02  2.01598e+00  4.82884e-01
7.800e-02  2.01429e+00  4.84204e-01
7.850e-02  2.01259e+00  4.85524e-01
7.900e-02  2.01088e+00  4.86842e-01
7.950e-02  2.00916e+00  4.88161e-01
8.000e-02  2.00744e+00  4.89479e-01
8.050e-02  2.00573e+00  4.90795e-01
8.100e-02  2.00401e+00  4.92111e-01
8.150e-02  2.00229e+00  4.93425e-01
8.200e-02  2.00055e+00  4.94739e-01
8.250e-02  1.99882e+00  4.96052e-01
8.300e-02  1.99709e+00  4.97362e-01
8.350e-02  1.99535e+00  4.98671e-01
8.400e-02  1.99360e+00  4.99979e-01
8.450e-02  1.99186e+00  5.01284e-01
8.500e-02  1.99012e+00  5.02589e-01
8.550e-02  1.98836e+00  5.03892e-01
8.600e-02  1.98660e+00  5.05192e-01
8.650e-02  1.98485e+00  5.06490e-01
8.700e-02  1.98309e+00  5.07786e-01
8.750e-02  1.98133e+00  5.09081e-01
8.800e-02  1.97956e+00  5.10373e-01
8.850e-02  1.97779e+00  5.11662e-01
8.900e-02  1.97602e+00  5.12949e-01
8.950e-02  1.97425e+00  5.14234e-01
9.000e-02  1.97247e+00  5.15516e-01
9.050e-02  1.97069e+00  5.16794e-01
9.100e-02  1.96891e+00  5.18071e-01
9.150e-02  1.96712e+00  5.19345e-01
9.200e-02  1.96534e+00  5.20615e-01
9.250e-02  1.96355e+00  5.21882e-01
9.300e-02  1.96175e+00  5.23148e-01
9.350e-02  1.95996e+00  5.24409e-01
9.400e-02  1.95816e+00  5.25667e-01
9.450e-02  1.95636e+00  5.26922e-01
9.500e-02  1.95456e+00  5.28174e-01
9.550e-02  1.95276e+00  5.29423e-01
9.600e-02  1.95096e+00  5.30667e-01
9.650e-02  1.94914e+00  5.31908e-01
9.700e-02  1.94734e+00  5.33146e-01
9.750e-02  1.94553e+00  5.34380e-01
9.800e-02  1.94371e+00  5.35610e-01
9.850e-02  1.94190e+00  5.36837e-01
9.900e-02  1.94008e+00  5.38060e-01
9.950e-02  1.93826e+00  5.39279e-01
1.000e-01  1.93644e+00  5.40494e-01
1.005e-01  1.93462e+00  5.41704e-01
1.010e-01  1.93280e+00  5.42911e-01
1.015e-01  1.93097e+00  5.44114e-01
1.020e-01  1.92913e+00  5.45313e-01
1.025e-01  1.92731e+00  5.46508e-01
1.030e-01  1.92547e+00  5.47699e-01
1.035e-01  1.92364e+00  5.48885e-01
1.040e-01  1.92180e+00  5.50066e-01
1.045e-01  1.91996e+00  5.51243e-01
1.050e-01  1.91813e+00  5.52415e-01
1.055e-01  1.91629e+00  5.53584e-01
1.060e-01  1.91445e+00  5.54748e-01
1.065e-01  1.91260e+00  5.55909e-01
1.070e-01  1.91075e+00  5.57063e-01
1.075e-01  1.90891e+00  5.58213e-01
1.080e-01  1.90706e+00  5.59360e-01
1.085e-01  1.90521e+00  5.60500e-01
1.090e-01  1.90336e+00  5.61635e-01
1.095e-01  1.90150e+00  5.62768e-01
1.100e-01  1.89965e+00  5.63896e-01
1.105e-01  1.89779e+00  5.65016e-01
1.110e-01  1.89593e+00  5.66133e-01
1.115e-01  1.89407e+00  5.67246e-01
1.120e-01  1.89221e+00  5.68353e-01
1.125e-01  1.89035e+00  5.69454e-01
1.130e-01  1.88849e+00  5.70551e-01
1.135e-01  1.88663e+00  5.71644e-01
1.140e-01  1.88476e+00  5.72731e-01
1.145e-01  1.88290e+00  5.73813e-01
1.150e-01  1.88103e+00  5.74889e-01
1.155e-01  1.87915e+00  5.75961e-01
1.160e-01  1.87728e+00  5.77028e-01
1.165e-01  1.87541e+00  5.78090e-01
1.170e-01  1.87354e+00  5.79146e-01
1.175e-01  1.87166e+00  5.80196e-01
1.180e-01  1.86978e+00  5.81242e-01
1.185e-01  1.86790e+00  5.82283e-01
1.190e-01  1.86603e+00  5.83317e-01
1.195e-01  1.86414e+00  5.84347e-01
1.200e-01  1.86226e+00  5.85372e-01
1.205e-01  1.86038e+00  5.86391e-01
1.210e-01  1.85849e+00  5.87405e-01
1.215e-01  1.85660e+00  5.88414e-01
1.220e-01  1.85472e+00  5.89417e-01
1.225e-01  1.85283e+00  5.90415e-01
1.230e-01  1.85094e+00  5.91406e-01
1.235e-01  1.84905e+00  5.92393e-01
1.240e-01  1.84716e+00  5.93375e-01
1.245e-01  1.84527e+00  5.94350e-01
1.250e-01  1.84337e+00  5.95320e-01
1.255e-01  1.84148e+00  5.96285e-01
1.260e-01  1.83959e+00  5.97244e-01
1.265e-01  1.83769e+00  5.98198e-01
1.270e-01  1.83578e+00  5.99147e-01
1.275e-01  1.83388e+00  6.00090e-01
1.280e-01  1.83198e+00  6.01027e-01
1.285e-01  1.83007e+00  6.01959e-01
1.290e-01  1.82816e+00  6.02885e-01
1.295e-01  1.82626e+00  6.03805e-01
1.300e-01  1.82436e+00  6.04721e-01
1.305e-01  1.82244e+00  6.05631e-01
1.310e-01  1.82053e+00  6.06534e-01
1.315e-01  1.81862e+00  6.07432e-01
1.320e-01  1.81671e+00  6.08325e-01
1.325e-01  1.81480e+00  6.09213e-01
1.330e-01  1.81288e+00  6.10095e-01
1.335e-01  1.81097e+00  6.10971e-01
1.340e-01  1.80905e+00  6.11842e-01
1.345e-01  1.80713e+00  6.12708e-01
1.350e-01  1.80521e+00  6.13566e-01
1.355e-01  1.80329e+00  6.14421e-01
1.360e-01  1.80137e+00  6.15271e-01
1.365e-01  1.79945e+00  6.16113e-01
1.370e-01  1.79752e+00  6.16950e-01
1.375e-01  1.79560e+00  6.17782e-01
1.380e-01  1.79366e+00  6.18610e-01
1.385e-01  1.79174e+00  6.19431e-01
1.390e-01  1.78981e+00  6.20247e-01
1.395e-01  1.78788e+00  6.21058e-01
1.400e-01  1.78594e+00  6.21862e-01
1.405e-01  1.78401e+00  6.22661e-01
1.410e-01  1.78208e+00  6.23454e-01
1.415e-01  1.78015e+00  6.24243e-01
1.420e-01  1.77821e+00  6.25026e-01
1.425e-01  1.77627e+00  6.25804e-01
1.430e-01  1.77433e+00  6.26578e-01
1.435e-01  1.77239e+00  6.27345e-01
1.440e-01  1.77044e+00  6.28107e-01
1.445e-01  1.76850e+00  6.28864e-01
1.450e-01  1.76656e+00  6.29616e-01
1.455e-01  1.76461e+00  6.30363e-01
1.460e-01  1.76267e+00  6.31103e-01
1.465e-01  1.76071e+00  6.31839e-01
1.470e-01  1.75877e+00  6.32569e-01
1.475e-01  1.75681e+00  6.33296e-01
1.480e-01  1.75486e+00  6.34017e-01
1.485e-01  1.75291e+00  6.34731e-01
1.490e-01  1.75095e+00  6.35441e-01
1.495e-01  1.74899e+00  6.36147e-01
1.500e-01  1.74703e+00  6.36848e-01
1.505e-01  1.74507e+00  6.37543e-01
1.510e-01  1.74311e+00  6.38232e-01
1.515e-01  1.74115e+00  6.38918e-01
1.520e-01  1.73918e+00  6.39598e-01
1.525e-01  1.73721e+00  6.40273e-01
1.530e-01  1.73524e+00  6.40943e-01
1.535e-01  1.73328e+00  6.41609e-01
1.540e-01  1.73131e+00  6.42269e-01
1.545e-01  1.72934e+00  6.42926e-01
1.550e-01  1.72736e+00  6.43576e-01
1.555e-01  1.72539e+00  6.44220e-01
1.560e-01  1.72341e+00  6.44861e-01
1.565e-01  1.72143e+00  6.45498e-01
1.570e-01  1.71946e+00  6.46129e-01
1.575e-01  1.71747e+00  6.46755e-01
1.580e-01  1.71549e+00  6.47378e-01
1.585e-01  1.71350e+00  6.47993e-01
1.590e-01  1.71151e+00  6.48605e-01
1.595e-01  1.70952e+00  6.49212e-01
1.600e-01  1.70753e+00  6.49815e-01
1.605e-01  1.70554e+00  6.50411e-01
1.610e-01  1.70355e+00  6.51003e-01
1.615e-01  1.70156e+00  6.51591e-01
1.620e-01  1.69956e+00  6.52175e-01
1.625e-01  1.69756e+00  6.52753e-01
1.630e-01  1.69555e+00  6.53327e-01
1.635e-01  1.69355e+00  6.53895e-01
1.640e-01  1.69155e+00  6.54459e-01
1.645e-01  1.68955e+00  6.55018e-01
1.650e-01  1.68755e+00  6.55573e-01
1.655e-01  1.68554e+00  6.56122e-01
1.660e-01  1.68353e+00  6.56668e-01
1.665e-01  1.68151e+00  6.57208e-01
1.670e-01  1.67950e+00  6.57745e-01
1.675e-01  1.67748e+00  6.58276e-01
1.680e-01  1.67547e+00  6.58803e-01
1.685e-01  1.67345e+00  6.59324e-01
1.690e-01  1.67143e+00  6.59841e-01
1.695e-01  1.66940e+00  6.60354e-01
1.700e-01  1.66738e+00  6.60862e-01
1.705e-01  1.66536e+00  6.61366e-01
1.710e-01  1.66334e+00  6.61865e-01
1.715e-01  1.66131e+00  6.62361e-01
1.720e-01  1.65928e+00  6.62851e-01
1.725e-01  1.65724e+00  6.63337e-01
1.730e-01  1.65520e+00  6.63818e-01
1.735e-01  1.65317e+00  6.64296e-01
1.740e-01  1.65114e+00  6.64769e-01
1.745e-01  1.64910e+00  6.65237e-01
1.750e-01  1.64705e+00  6.65700e-01
1.755e-01  1.64501e+00  6.66160e-01
1.760e-01  1.64297e+00  6.66616e-01
1.765e-01  1.64093e+00  6.67067e-01
1.770e-01  1.63888e+00  6.67514e-01
1.775e-01  1.63683e+00  6.67956e-01
1.780e-01  1.63478e+00  6.68395e-01
1.785e-01  1.63272e+00  6.68830e-01
1.790e-01  1.63067e+00  6.69261e-01
1.795e-01  1.62861e+00  6.69687e-01
1.800e-01  1.62655e+00  6.70110e-01
1.805e-01  1.62449e+00  6.70528e-01
1.810e-01  1.62243e+00  6.70943e-01
1.815e-01  1.62036e+00  6.71354e-01
1.820e-01  1.61830e+00  6.71760e-01
1.825e-01  1.61624e+00  6.72164e-01
1.830e-01  1.61417e+00  6.72563e-01
1.835e-01  1.61209e+00  6.72958e-01
1.840e-01  1.61002e+00  6.73349e-01
1.845e-01  1.60795e+00  6.73736e-01
1.850e-01  1.60587e+00  6.74120e-01
1.855e-01  1.60379e+00  6.74500e-01
1.860e-01  1.60171e+00  6.74877e-01
1.865e-01  1.59963e+00  6.75250e-01
1.870e-01  1.59754e+00  6.75619e-01
1.875e-01  1.59546e+00  6.75985e-01
1.880e-01  1.59338e+00  6.76347e-01
1.885e-01  1.59128e+00  6.76705e-01
1.890e-01  1.58919e+00  6.77060e-01
1.895e-01  1.58710e+00  6.77411e-01
1.900e-01  1.58500e+00  6.77760e-01
1.905e-01  1.58290e+00  6.78105e-01
1.910e-01  1.58080e+00  6.78446e-01
1.915e-01  1.57870e+00  6.78784e-01
1.920e-01  1.57660e+00  6.79119e-01
1.925e-01  1.57450e+00  6.79451e-01
1.930e-01  1.57239e+00  6.79779e-01
1.935e-01  1.57028e+00  6.80104e-01
1.940e-01  1.56817e+00  6.80426e-01
1.945e-01  1.56605e+00  6.80744e-01
1.950e-01  1.56394e+00  6.81059e-01
1.955e-01  1.56182e+00  6.81370e-01
1.960e-01  1.55971e+00  6.81679e-01
1.965e-01  1.55759e+00  6.81985e-01
1.970e-01  1.55547e+00  6.82288e-01
1.975e-01  1.55334e+00  6.82588e-01
1.980e-01  1.55121e+00  6.82885e-01
1.985e-01  1.54909e+00  6.83179e-01
1.990e-01  1.54696e+00  6.83470e-01
1.995e-01  1.54483e+00  6.83758e-01
2.000e-01  1.54270e+00  6.84043e-01
2.005e-01  1.54056e+00  6.84326e-01
2.010e-01  1.53842e+00  6.84606e-01
2.015e-01  1.53628e+00  6.84882e-01
2.020e-01  1.53414e+00  6.85155e-01
2.025e-01  1.53200e+00  6.85426e-01
2.030e-01  1.52986e+00  6.85694e-01
2.035e-01  1.52771e+00  6.85960e-01
2.040e-01  1.52556e+00  6.86222e-01
2.045e-01  1.52341e+00  6.86482e-01
2.050e-01  1.52126e+00  6.86740e-01
2.055e-01  1.51910e+00  6.86994e-01
2.060e-01  1.51694e+00  6.87247e-01
2.065e-01  1.51478e+00  6.87497e-01
2.070e-01  1.51262e+00  6.87743e-01
2.075e-01  1.51047e+00  6.87988e-01
2.080e-01  1.50830e+00  6.88230e-01
2.085e-01  1.50614e+00  6.88470e-01
2.090e-01  1.50397e+00  6.88707e-01
2.095e-01  1.50179e+00  6.88942e-01
2.100e-01  1.49962e+00  6.89174e-01
2.105e-01  1.49745e+00  6.89403e-01
2.110e-01  1.49528e+00  6.89631e-01
2.115e-01  1.49310e+00  6.89855e-01
2.120e-01  1.49092e+00  6.90078e-01
2.125e-01  1.48873e+00  6.90299e-01
2.130e-01  1.48655e+00  6.90517e-01
2.135e-01  1.48436e+00  6.90732e-01
2.140e-01  1.48218e+00  6.90945e-01
2.145e-01  1.47999e+00  6.91156e-01
2.150e-01  1.47780e+00  6.91365e-01
2.155e-01  1.47561e+00  6.91571e-01
2.160e-01  1.47342e+00  6.91776e-01
2.165e-01  1.47122e+00  6.91978e-01
2.170e-01  1.46902e+00  6.92178e-01
2.175e-01  1.46682e+00  6.92376e-01
2.180e-01  1.46461e+00  6.92572e-01
2.185e-01  1.46241e+00  6.92766e-01
2.190e-01  1.46020e+00  6.92958e-01
2.195e-01  1.45800e+00  6.93149e-01
2.200e-01  1.45579e+00  6.93337e-01
2.205e-01  1.45358e+00  6.93523e-01
2.210e-01  1.45136e+00  6.93707e-01
2.215e-01  1.44915e+00  6.93889e-01
2.220e-01  1.44693e+00  6.94069e-01
2.225e-01  1.44471e+00  6.94247e-01
2.230e-01  1.44249e+00  6.94423e-01
2.235e-01  1.44027e+00  6.94597e-01
2.240e-01  1.43804e+00  6.94770e-01
2.245e-01  1.43582e+00  6.94940e-01
2.250e-01  1.43359e+00  6.95109e-01
2.255e-01  1.43135e+00  6.95275e-01
2.260e-01  1.42912e+00  6.95440e-01
2.265e-01  1.42689e+00  6.95603e-01
2.270e-01  1.42465e+00  6.95765e-01
2.275e-01  1.42241e+00  6.95924e-01
2.280e-01  1.42017e+00  6.96082e-01
2.285e-01  1.41793e+00  6.96238e-01
2.290e-01  1.41569e+00  6.96392e-01
2.295e-01  1.41345e+00  6.96545e-01
2.300e-01  1.41120e+00  6.96696e-01
2.305e-01  1.40895e+00  6.96845e-01
2.310e-01  1.40670e+00  6.96993e-01
2.315e-01  1.40445e+00  6.97139e-01
2.320e-01  1.40220e+00  6.97283e-01
2.325e-01  1.39994e+00  6.97426e-01
2.330e-01  1.39769e+00  6.97567e-01
2.335e-01  1.39543e+00  6.97707e-01
2.340e-01  1.39317e+00  6.97845e-01
2.345e-01  1.39091e+00  6.97982e-01
2.350e-01  1.38864e+00  6.98117e-01
2.355e-01  1.38638e+00  6.98250e-01
2.360e-01  1.38411e+00  6.98382e-01
2.365e-01  1.38184e+00  6.98513e-01
2.370e-01  1.37957e+00  6.98643e-01
2.375e-01  1.37729e+00  6.98771e-01
2.380e-01  1.37502e+00  6.98897e-01
2.385e-01  1.37274e+00  6.99022e-01
2.390e-01  1.37046e+00  6.99146e-01
2.395e-01  1.36818e+00  6.99268e-01
2.400e-01  1.36590e+00  6.99388e-01
2.405e-01  1.36362e+00  6.99507e-01
2.410e-01  1.36134e+00  6.99624e-01
2.415e-01  1.35905e+00  6.99740e-01
2.420e-01  1.35676e+00  6.99855e-01
2.425e-01  1.35447e+00  6.99969e-01
2.430e-01  1.35218e+00  7.00081e-01
2.435e-01  1.34989e+00  7.00193e-01
2.440e-01  1.34759e+00  7.00303e-01
2.445e-01  1.34530e+00  7.00413e-01
2.450e-01  1.34300e+00  7.00520e-01
2.455e-01  1.34070e+00  7.00626e-01
2.460e-01  1.33841e+00  7.00731e-01
2.465e-01  1.33610e+00  7.00835e-01
2.470e-01  1.33380e+00  7.00938e-01
2.475e-01  1.33149e+00  7.01039e-01
2.480e-01  1.32918e+00  7.01139e-01
2.485e-01  1.32688e+00  7.01238e-01
2.490e-01  1.32457e+00  7.01336e-01
2.495e-01  1.32226e+00  7.01433e-01
2.500e-01  1.31994e+00  7.01528e-01
2.505e-01  1.31763e+00  7.01622e-01
2.510e-01  1.31531e+00  7.01714e-01
2.515e-01  1.31299e+00  7.01806e-01
2.520e-01  1.31067e+00  7.01896e-01
2.525e-01  1.30835e+00  7.01985e-01
2.530e-01  1.30603e+00  7.02074e-01
2.535e-01  1.30370e+00  7.02161e-01
2.540e-01  1.30138e+00  7.02248e-01
2.545e-01  1.29906e+00  7.02334e-01
2.550e-01  1.29673e+00  7.02419e-01
2.555e-01  1.29440e+00  7.02503e-01
2.560e-01  1.29207e+00  7.02586e-01
2.565e-01  1.28974e+00  7.02667e-01
2.570e-01  1.28740e+00  7.02748e-01
2.575e-01  1.28506e+00  7.02827e-01
2.580e-01  1.28273e+00  7.02906e-01
2.585e-01  1.28039e+00  7.02983e-01
2.590e-01  1.27805e+00  7.03059e-01
2.595e-01  1.27571e+00  7.03134e-01
2.600e-01  1.27336e+00  7.03208e-01
2.605e-01  1.27102e+00  7.03281e-01
2.610e-01  1.26868e+00  7.03353e-01
2.615e-01  1.26633e+00  7.03425e-01
2.620e-01  1.26399e+00  7.03496e-01
2.625e-01  1.26164e+00  7.03566e-01
2.630e-01  1.25929e+00  7.03635e-01
2.635e-01  1.25694e+00  7.03704e-01
2.640e-01  1.25459e+00  7.03772e-01
2.645e-01  1.25224e+00  7.03840e-01
2.650e-01  1.24988e+00  7.03908e-01
2.655e-01  1.24752e+00  7.03975e-01
2.660e-01  1.24517e+00  7.04041e-01
2.665e-01  1.24281e+00  7.04107e-01
2.670e-01  1.24044e+00  7.04173e-01
2.675e-01  1.23808e+00  7.04238e-01
2.680e-01  1.23571e+00  7.04302e-01
2.685e-01  1.23335e+00  7.04366e-01
2.690e-01  1.23098e+00  7.04430e-01
2.695e-01  1.22861e+00  7.04493e-01
2.700e-01  1.22624e+00  7.04556e-01
2.705e-01  1.22387e+00  7.04618e-01
2.710e-01  1.22150e+00  7.04680e-01
2.715e-01  1.21913e+00  7.04741e-01
2.720e-01  1.21676e+00  7.04802e-01
2.725e-01  1.21439e+00  7.04863e-01
2.730e-01  1.21201e+00  7.04922e-01
2.735e-01  1.20963e+00  7.04982e-01
2.740e-01  1.20726e+00  7.05041e-01
2.745e-01  1.20488e+00  7.05099e-01
2.750e-01  1.20250e+00  7.05157e-01
2.755e-01  1.20011e+00  7.05215e-01
2.760e-01  1.19773e+00  7.05272e-01
2.765e-01  1.19534e+00  7.05329e-01
2.770e-01  1.19296e+00  7.05386e-01
2.775e-01  1.19057e+00  7.05442e-01
2.780e-01  1.18818e+00  7.05499e-01
2.785e-01  1.18579e+00  7.05555e-01
2.790e-01  1.18340e+00  7.05611e-01
2.795e-01  1.18101e+00  7.05668e-01
2.800e-01  1.17861e+00  7.05725e-01
2.805e-01  1.17622e+00  7.05782e-01
2.810e-01  1.17382e+00  7.05839e-01
2.815e-01  1.17143e+00  7.05896e-01
2.820e-01  1.16903e+00  7.05953e-01
2.825e-01  1.16663e+00  7.06009e-01
2.830e-01  1.16423e+00  7.06065e-01
2.835e-01  1.16183e+00  7.06121e-01
2.840e-01  1.15943e+00  7.06176e-01
2.845e-01  1.15703e+00  7.06231e-01
2.850e-01  1.15462e+00  7.06285e-01
2.855e-01  1.15222e+00  7.06339e-01
2.860e-01  1.14982e+00  7.06393e-01
2.865e-01  1.14741e+00  7.06447e-01
2.870e-01  1.14500e+00  7.06501e-01
2.875e-01  1.14260e+00  7.06555e-01
2.880e-01  1.14019e+00  7.06609e-01
2.885e-01  1.13778e+00  7.06663e-01
2.890e-01  1.13536e+00  7.06717e-01
2.895e-01  1.13295e+00  7.06771e-01
2.900e-01  1.13054e+00  7.06825e-01
2.905e-01  1.12812e+00  7.06879e-01
2.910e-01  1.12571e+00  7.06933e-01
2.915e-01  1.12329e+00  7.06987e-01
2.920e-01  1.12088e+00  7.07041e-01
2.925e-01  1.11846e+00  7.07094e-01
2.930e-01  1.11604e+00  7.07147e-01
2.935e-01  1.11362e+00  7.07199e-01
2.940e-01  1.11120e+00  7.07252e-01
2.945e-01  1.10878e+00  7.07304e-01
2.950e-01  1.10636e+00  7.07356e-01
2.955e-01  1.10393e+00  7.07408e-01
2.960e-01  1.10151e+00  7.07460e-01
2.965e-01  1.09908e+00  7.07512e-01
2.970e-01  1.09666e+00  7.07564e-01
2.975e-01  1.09423e+00  7.07615e-01
2.980e-01  1.09181e+00  7.07665e-01
2.985e-01  1.08938e+00  7.07715e-01
2.990e-01  1.08695e+00  7.07764e-01
2.995e-01  1.08452e+00  7.07812e-01
3.000e-01  1.08210e+00  7.07860e-01
3.005e-01  1.07967e+00  7.07908e-01
3.010e-01  1.07724e+00  7.07955e-01
3.015e-01  1.07481e+00  7.08002e-01
3.020e-01  1.07238e+00  7.08048e-01
3.025e-01  1.06995e+00  7.08095e-01
3.030e-01  1.06752e+00  7.08141e-01
3.035e-01  1.06509e+00  7.08188e-01
3.040e-01  1.06265e+00  7.08234e-01
3.045e-01  1.06022e+00  7.08281e-01
3.050e-01  1.05779e+00  7.08327e-01
3.055e-01  1.05535e+00  7.08373e-01
3.060e-01  1.05292e+00  7.08419e-01
3.065e-01  1.05048e+00  7.08465e-01
3.070e-01  1.04804e+00  7.08510e-01
3.075e-01  1.04561e+00  7.08555e-01
3.080e-01  1.04317e+00  7.08599e-01
3.085e-01  1.04073e+00  7.08644e-01
3.090e-01  1.03829e+00  7.08687e-01
3.095e-01  1.03585e+00  7.08731e-01
3.100e-01  1.03341e+00  7.08774e-01
3.105e-01  1.03097e+00  7.08817e-01
3.110e-01  1.02853e+00  7.08860e-01
3.115e-01  1.02609e+00  7.08902e-01
3.120e-01  1.02365e+00  7.08944e-01
3.125e-01  1.02121e+00  7.08985e-01
3.130e-01  1.01877e+00  7.09026e-01
3.135e-01  1.01632e+00  7.09066e-01
3.140e-01  1.01388e+00  7.09106e-01
3.145e-01  1.01144e+00  7.09145e-01
3.150e-01  1.00900e+00  7.09185e-01
3.155e-01  1.00655e+00  7.09224e-01
3.160e-01  1.00411e+00  7.09262e-01
3.165e-01  1.00166e+00  7.09301e-01
3.170e-01  9.99220e-01  7.09339e-01
3.175e-01  9.96776e-01  7.09378e-01
3.180e-01  9.94332e-01  7.09416e-01
3.185e-01  9.91887e-01  7.09455e-01
3.190e-01  9.89443e-01  7.09493e-01
3.195e-01  9.86998e-01  7.09530e-01
3.200e-01  9.84553e-01  7.09568e-01
3.205e-01  9.82107e-01  7.09605e-01
3.210e-01  9.79662e-01  7.09641e-01
3.215e-01  9.77216e-01  7.09677e-01
3.220e-01  9.74770e-01  7.09713e-01
3.225e-01  9.72323e-01  7.09748e-01
3.230e-01  9.69877e-01  7.09783e-01
3.235e-01  9.67430e-01  7.09817e-01
3.240e-01  9.64984e-01  7.09850e-01
3.245e-01  9.62537e-01  7.09883e-01
3.250e-01  9.60089e-01  7.09916e-01
3.255e-01  9.57642e-01  7.09949e-01
3.260e-01  9.55195e-01  7.09982e-01
3.265e-01  9.52747e-01  7.10015e-01
3.270e-01  9.50299e-01  7.10048e-01
3.275e-01  9.47850e-01  7.10082e-01
3.280e-01  9.45402e-01  7.10116e-01
3.285e-01  9.42953e-01  7.10150e-01
3.290e-01  9.40504e-01  7.10183e-01
3.295e-01  9.38056e-01  7.10216e-01
3.300e-01  9.35608e-01  7.10247e-01
3.305e-01  9.33159e-01  7.10278e-01
3.310e-01  9.30711e-01  7.10309e-01
3.315e-01  9.28263e-01  7.10339e-01
3.320e-01  9.25815e-01  7.10369e-01
3.325e-01  9.23367e-01  7.10399e-01
3.330e-01  9.20918e-01  7.10429e-01
3.335e-01  9.18470e-01  7.10460e-01
3.340e-01  9.16021e-01  7.10490e-01
3.345e-01  9.13572e-01  7.10520e-01
3.350e-01  9.11123e-01  7.10551e-01
3.355e-01  9.08674e-01  7.10581e-01
3.360e-01  9.06225e-01  7.10611e-01
3.365e-01  9.03776e-01  7.10640e-01
3.370e-01  9.01326e-01  7.10669e-01
3.375e-01  8.98877e-01  7.10698e-01
3.380e-01  8.96428e-01  7.10727e-01
3.385e-01  8.93979e-01  7.10755e-01
3.390e-01  8.91530e-01  7.10784e-01
3.395e-01  8.89081e-01  7.10812e-01
3.400e-01  8.86633e-01  7.10840e-01
3.405e-01  8.84185e-01  7.10868e-01
3.410e-01  8.81737e-01  7.10896e-01
3.415e-01  8.79290e-01  7.10923e-01
3.420e-01  8.76843e-01  7.10950e-01
3.425e-01  8.74397e-01  7.10976e-01
3.430e-01  8.71950e-01  7.11002e-01
3.435e-01  8.69504e-01  7.11027e-01
3.440e-01  8.67058e-01  7.11052e-01
3.445e-01  8.64612e-01  7.11077e-01
3.450e-01  8.62166e-01  7.11102e-01
3.455e-01  8.59720e-01  7.11127e-01
3.460e-01  8.57274e-01  7.11152e-01
3.465e-01  8.54827e-01  7.11178e-01
3.470e-01  8.52381e-01  7.11203e-01
3.475e-01  8.49934e-01  7.11228e-01
3.480e-01  8.47488e-01  7.11254e-01
3.485e-01  8.45041e-01  7.11279e-01
3.490e-01  8.42595e-01  7.11304e-01
3.495e-01  8.40150e-01  7.11329e-01
3.500e-01  8.37704e-01  7.11354e-01
3.505e-01  8.35259e-01  7.11378e-01
3.510e-01  8.32815e-01  7.11403e-01
3.515e-01  8.30371e-01  7.11427e-01
3.520e-01  8.27927e-01  7.11451e-01
3.525e-01  8.25483e-01  7.11474e-01
3.530e-01  8.23040e-01  7.11498e-01
3.535e-01  8.20597e-01  7.11522e-01
3.540e-01  8.18154e-01  7.11546e-01
3.545e-01  8.15712e-01  7.11570e-01
3.550e-01  8.13270e-01  7.11593e-01
3.555e-01  8.10828e-01  7.11617e-01
3.560e-01  8.08386e-01  7.11640e-01
3.565e-01  8.05945e-01  7.11663e-01
3.570e-01  8.03504e-01  7.11686e-01
3.575e-01  8.01063e-01  7.11709e-01
3.580e-01  7.98622e-01  7.11732e-01
3.585e-01  7.96182e-01  7.11754e-01
3.590e-01  7.93742e-01  7.11776e-01
3.595e-01  7.91302e-01  7.11799e-01
3.600e-01  7.88863e-01  7.11821e-01
3.605e-01  7.86423e-01  7.11844e-01
3.610e-01  7.83984e-01  7.11866e-01
3.615e-01  7.81545e-01  7.11888e-01
3.620e-01  7.79107e-01  7.11910e-01
3.625e-01  7.76669e-01  7.11931e-01
3.630e-01  7.74232e-01  7.11953e-01
3.635e-01  7.71795e-01  7.11974e-01
3.640e-01  7.69358e-01  7.11995e-01
3.645e-01  7.66922e-01  7.12016e-01
3.650e-01  7.64486e-01  7.12037e-01
3.655e-01  7.62051e-01  7.12058e-01
3.660e-01  7.59617e-01  7.12079e-01
3.665e-01  7.57183e-01  7.12100e-01
3.670e-01  7.54749e-01  7.12121e-01
3.675e-01  7.52316e-01  7.12143e-01
3.680e-01  7.49883e-01  7.12164e-01
3.685e-01  7.47450e-01  7.12185e-01
3.690e-01  7.45018e-01  7.12205e-01
3.695e-01  7.42586e-01  7.12226e-01
3.700e-01  7.40154e-01  7.12246e-01
3.705e-01  7.37722e-01  7.12266e-01
3.710e-01  7.35292e-01  7.12285e-01
3.715e-01  7.32862e-01  7.12305e-01
3.720e-01  7.30432e-01  7.12324e-01
3.725e-01  7.28004e-01  7.12343e-01
3.730e-01  7.25576e-01  7.12362e-01
3.735e-01  7.23148e-01  7.12380e-01
3.740e-01  7.20721e-01  7.12399e-01
3.745e-01  7.18294e-01  7.12418e-01
3.750e-01  7.15868e-01  7.12437e-01
3.755e-01  7.13442e-01  7.12456e-01
3.760e-01  7.11016e-01  7.12476e-01
3.765e-01  7.08591e-01  7.12495e-01
3.770e-01  7.06166e-01  7.12515e-01
3.775e-01  7.03741e-01  7.12534e-01
3.780e-01  7.01317e-01  7.12554e-01
3.785e-01  6.98894e-01  7.12573e-01
3.790e-01  6.96471e-01  7.12591e-01
3.795e-01  6.94050e-01  7.12609e-01
3.800e-01  6.91629e-01  7.12628e-01
3.805e-01  6.89208e-01  7.12645e-01
3.810e-01  6.86788e-01  7.12663e-01
3.815e-01  6.84369e-01  7.12681e-01
3.820e-01  6.81950e-01  7.12699e-01
3.825e-01  6.79532e-01  7.12716e-01
3.830e-01  6.77114e-01  7.12734e-01
3.835e-01  6.74697e-01  7.12752e-01
3.840e-01  6.72280e-01  7.12770e-01
3.845e-01  6.69864e-01  7.12788e-01
3.850e-01  6.67448e-01  7.12806e-01
3.855e-01  6.65033e-01  7.12824e-01
3.860e-01  6.62618e-01  7.12842e-01
3.865e-01  6.60204e-01  7.12860e-01
3.870e-01  6.57791e-01  7.12877e-01
3.875e-01  6.55379e-01  7.12895e-01
3.880e-01  6.52967e-01  7.12912e-01
3.885e-01  6.50556e-01  7.12929e-01
3.890e-01  6.48145e-01  7.12946e-01
3.895e-01  6.45735e-01  7.12963e-01
3.900e-01  6.43326e-01  7.12981e-01
3.905e-01  6.40917e-01  7.12998e-01
3.910e-01  6.38509e-01  7.13015e-01
3.915e-01  6.36101e-01  7.13033e-01
3.920e-01  6.33694e-01  7.13050e-01
3.925e-01  6.31287e-01  7.13068e-01
3.930e-01  6.28881e-01  7.13085e-01
3.935e-01  6.26475e-01  7.13103e-01
3.940e-01  6.24070e-01  7.13120e-01
3.945e-01  6.21666e-01  7.13137e-01
3.950e-01  6.19263e-01  7.13154e-01
3.955e-01  6.16860e-01  7.13171e-01
3.960e-01  6.14457e-01  7.13188e-01
3.965e-01  6.12056e-01  7.13204e-01
3.970e-01  6.09655e-01  7.13221e-01
3.975e-01  6.07255e-01  7.13237e-01
3.980e-01  6.04856e-01  7.13253e-01
3.985e-01  6.02457e-01  7.13269e-01
3.990e-01  6.00059e-01  7.13285e-01
3.995e-01  5.97662e-01  7.13301e-01
4.000e-01  5.95266e-01  7.13317e-01
4.005e-01  5.92870e-01  7.13333e-01
4.010e-01  5.90475e-01  7.13349e-01
4.015e-01  5.88081e-01  7.13365e-01
4.020e-01  5.85688e-01  7.13380e-01
4.025e-01  5.83295e-01  7.13396e-01
4.030e-01  5.80903e-01  7.13412e-01
4.035e-01  5.78512e-01  7.13427e-01
4.040e-01  5.76122e-01  7.13443e-01
4.045e-01  5.73732e-01  7.13459e-01
4.050e-01  5.71343e-01  7.13474e-01
4.055e-01  5.68955e-01  7.13489e-01
4.060e-01  5.66567e-01  7.13505e-01
4.065e-01  5.64181e-01  7.13520e-01
4.070e-01  5.61795e-01  7.13535e-01
4.075e-01  5.59409e-01  7.13550e-01
4.080e-01  5.57025e-01  7.13565e-01
4.085e-01  5.54641e-01  7.13579e-01
4.090e-01  5.52258e-01  7.13594e-01
4.095e-01  5.49876e-01  7.13609e-01
4.100e-01  5.47494e-01  7.13624e-01
4.105e-01  5.45114e-01  7.13639e-01
4.110e-01  5.42734e-01  7.13653e-01
4.115e-01  5.40355e-01  7.13668e-01
4.120e-01  5.37977e-01  7.13683e-01
4.125e-01  5.35599e-01  7.13698e-01
4.130e-01  5.33222e-01  7.13713e-01
4.135e-01  5.30846e-01  7.13728e-01
4.140e-01  5.28471e-01  7.13743e-01
4.145e-01  5.26096e-01  7.13758e-01
4.150e-01  5.23722e-01  7.13773e-01
4.155e-01  5.21349e-01  7.13788e-01
4.160e-01  5.18976e-01  7.13803e-01
4.165e-01  5.16604e-01  7.13819e-01
4.170e-01  5.14233e-01  7.13834e-01
4.175e-01  5.11862e-01  7.13849e-01
4.180e-01  5.09492e-01  7.13865e-01
4.185e-01  5.07123e-01  7.13880e-01
4.190e-01  5.04754e-01  7.13895e-01
4.195e-01  5.02386e-01  7.13910e-01
4.200e-01  5.00019e-01  7.13925e-01
4.205e-01  4.97653e-01  7.13940e-01
4.210e-01  4.95288e-01  7.13955e-01
4.215e-01  4.92923e-01  7.13970e-01
4.220e-01  4.90560e-01  7.13985e-01
4.225e-01  4.88197e-01  7.14000e-01
4.230e-01  4.85835e-01  7.14015e-01
4.235e-01  4.83474e-01  7.14029e-01
4.240e-01  4.81114e-01  7.14043e-01
4.245e-01  4.78756e-01  7.14058e-01
4.250e-01  4.76398e-01  7.14072e-01
4.255e-01  4.74041e-01  7.14086e-01
4.260e-01  4.71685e-01  7.14100e-01
4.265e-01  4.69330e-01  7.14114e-01
4.270e-01  4.66975e-01  7.14129e-01
4.275e-01  4.64622e-01  7.14143e-01
4.280e-01  4.62269e-01  7.14157e-01
4.285e-01  4.59918e-01  7.14171e-01
4.290e-01  4.57567e-01  7.14185e-01
4.295e-01  4.55216e-01  7.14199e-01
4.300e-01  4.52867e-01  7.14214e-01
4.305e-01  4.50518e-01  7.14228e-01
4.310e-01  4.48170e-01  7.14242e-01
4.315e-01  4.45823e-01  7.14257e-01
4.320e-01  4.43477e-01  7.14271e-01
4.325e-01  4.41131e-01  7.14286e-01
4.330e-01  4.38786e-01  7.14300e-01
4.335e-01  4.36441e-01  7.14315e-01
4.340e-01  4.34098e-01  7.14329e-01
4.345e-01  4.31755e-01  7.14344e-01
4.350e-01  4.29413e-01  7.14358e-01
4.355e-01  4.27073e-01  7.14372e-01
4.360e-01  4.24733e-01  7.14386e-01
4.365e-01  4.22394e-01  7.14400e-01
4.370e-01  4.20056e-01  7.14414e-01
4.375e-01  4.17719e-01  7.14429e-01
4.380e-01  4.15383e-01  7.14443e-01
4.385e-01  4.13048e-01  7.14457e-01
4.390e-01  4.10714e-01  7.14471e-01
4.395e-01  4.08380e-01  7.14485e-01
4.400e-01  4.06047e-01  7.14500e-01
4.405e-01  4.03716e-01  7.14514e-01
4.410e-01  4.01385e-01  7.14528e-01
4.415e-01  3.99055e-01  7.14542e-01
4.420e-01  3.96727e-01  7.14555e-01
4.425e-01  3.94399e-01  7.14569e-01
4.430e-01  3.92072e-01  7.14582e-01
4.435e-01  3.89747e-01  7.14595e-01
4.440e-01  3.87422e-01  7.14608e-01
4.445e-01  3.85098e-01  7.14621e-01
4.450e-01  3.82775e-01  7.14634e-01
4.455e-01  3.80452e-01  7.14648e-01
4.460e-01  3.78131e-01  7.14662e-01
4.465e-01  3.75810e-01  7.14676e-01
4.470e-01  3.73489e-01  7.14690e-01
4.475e-01  3.71170e-01  7.14704e-01
4.480e-01  3.68852e-01  7.14718e-01
4.485e-01  3.66535e-01  7.14732e-01
4.490e-01  3.64219e-01  7.14745e-01
4.495e-01  3.61904e-01  7.14759e-01
4.500e-01  3.59590e-01  7.14772e-01
4.505e-01  3.57277e-01  7.14785e-01
4.510e-01  3.54965e-01  7.14798e-01
4.515e-01  3.52654e-01  7.14810e-01
4.520e-01  3.50344e-01  7.14823e-01
4.525e-01  3.48035e-01  7.14836e-01
4.530e-01  3.45726e-01  7.14849e-01
4.535e-01  3.43418e-01  7.14862e-01
4.540e-01  3.41110e-01  7.14876e-01
4.545e-01  3.38803e-01  7.14889e-01
4.550e-01  3.36497e-01  7.14903e-01
4.555e-01  3.34192e-01  7.14917e-01
4.560e-01  3.31888e-01  7.14930e-01
4.565e-01  3.29585e-01  7.14944e-01
4.570e-01  3.27284e-01  7.14957e-01
4.575e-01  3.24983e-01  7.14970e-01
4.580e-01  3.22684e-01  7.14983e-01
4.585e-01  3.20386e-01  7.14996e-01
4.590e-01  3.18088e-01  7.15009e-01
4.595e-01  3.15792e-01  7.15021e-01
4.600e-01  3.13497e-01  7.15034e-01
4.605e-01  3.11203e-01  7.15046e-01
4.610e-01  3.08910e-01  7.15059e-01
4.615e-01  3.06617e-01  7.15071e-01
4.620e-01  3.04326e-01  7.15084e-01
4.625e-01  3.02035e-01  7.15096e-01
4.630e-01  2.99746e-01  7.15109e-01
4.635e-01  2.97457e-01  7.15121e-01
4.640e-01  2.95169e-01  7.15134e-01
4.645e-01  2.92882e-01  7.15146e-01
4.650e-01  2.90597e-01  7.15159e-01
4.655e-01  2.88312e-01  7.15171e-01
4.660e-01  2.86028e-01  7.15184e-01
4.665e-01  2.83745e-01  7.15197e-01
4.670e-01  2.81463e-01  7.15210e-01
4.675e-01  2.79182e-01  7.15223e-01
4.680e-01  2.76901e-01  7.15236e-01
4.685e-01  2.74622e-01  7.15249e-01
4.690e-01  2.72344e-01  7.15262e-01
4.695e-01  2.70066e-01  7.15274e-01
4.700e-01  2.67789e-01  7.15287e-01
4.705e-01  2.65513e-01  7.15300e-01
4.710e-01  2.63238e-01  7.15313e-01
4.715e-01  2.60964e-01  7.15325e-01
4.720e-01  2.58691e-01  7.15338e-01
4.725e-01  2.56418e-01  7.15351e-01
4.730e-01  2.54147e-01  7.15363e-01
4.735e-01  2.51876e-01  7.15376e-01
4.740e-01  2.49607e-01  7.15389e-01
4.745e-01  2.47339e-01  7.15402e-01
4.750e-01  2.45071e-01  7.15415e-01
4.755e-01  2.42805e-01  7.15428e-01
4.760e-01  2.40540e-01  7.15441e-01
4.765e-01  2.38276e-01  7.15454e-01
4.770e-01  2.36013e-01  7.15466e-01
4.775e-01  2.33752e-01  7.15479e-01
4.780e-01  2.31491e-01  7.15491e-01
4.785e-01  2.29232e-01  7.15503e-01
4.790e-01  2.26973e-01  7.15515e-01
4.795e-01  2.24715e-01  7.15528e-01
4.800e-01  2.22458e-01  7.15540e-01
4.805e-01  2.20202e-01  7.15552e-01
4.810e-01  2.17946e-01  7.15565e-01
4.815e-01  2.15691e-01  7.15577e-01
4.820e-01  2.13437e-01  7.15590e-01
4.825e-01  2.11184e-01  7.15603e-01
4.830e-01  2.08932e-01  7.15616e-01
4.835e-01  2.06681e-01  7.15628e-01
4.840e-01  2.04431e-01  7.15641e-01
4.845e-01  2.02182e-01  7.15653e-01
4.850e-01  1.99935e-01  7.15666e-01
4.855e-01  1.97689e-01  7.15678e-01
4.860e-01  1.95444e-01  7.15690e-01
4.865e-01  1.93200e-01  7.15703e-01
4.870e-01  1.90957e-01  7.15715e-01
4.875e-01  1.88715e-01  7.15727e-01
4.880e-01  1.86474e-01  7.15739e-01
4.885e-01  1.84234e-01  7.15750e-01
4.890e-01  1.81995e-01  7.15762e-01
4.895e-01  1.79756e-01  7.15774e-01
4.900e-01  1.77519e-01  7.15786e-01
4.905e-01  1.75282e-01  7.15797e-01
4.910e-01  1.73047e-01  7.15809e-01
4.915e-01  1.70812e-01  7.15821e-01
4.920e-01  1.68578e-01  7.15832e-01
4.925e-01  1.66345e-01  7.15844e-01
4.930e-01  1.64114e-01  7.15856e-01
4.935e-01  1.61883e-01  7.15868e-01
4.940e-01  1.59653e-01  7.15880e-01
4.945e-01  1.57424e-01  7.15892e-01
4.950e-01  1.55197e-01  7.15904e-01
4.955e-01  1.52970e-01  7.15916e-01
4.960e-01  1.50744e-01  7.15928e-01
4.965e-01  1.48519e-01  7.15940e-01
4.970e-01  1.46296e-01  7.15953e-01
4.975e-01  1.44073e-01  7.15965e-01
4.980e-01  1.41851e-01  7.15977e-01
4.985e-01  1.39630e-01  7.15990e-01
4.990e-01  1.37410e-01  7.16002e-01
4.995e-01  1.35191e-01  7.16015e-01
5.000e-01  1.32973e-01  7.16027e-01
5.005e-01  1.30756e-01  7.16039e-01
5.010e-01  1.28540e-01  7.16052e-01
5.015e-01  1.26325e-01  7.16064e-01
5.020e-01  1.24111e-01  7.16075e-01
5.025e-01  1.21898e-01  7.16087e-01
5.030e-01  1.19686e-01  7.16099e-01
5.035e-01  1.17475e-01  7.16111e-01
5.040e-01  1.15266e-01  7.16122e-01
5.045e-01  1.13057e-01  7.16134e-01
5.050e-01  1.10848e-01  7.16146e-01
5.055e-01  1.08641e-01  7.16159e-01
5.060e-01  1.06435e-01  7.16171e-01
5.065e-01  1.04230e-01  7.16183e-01
5.070e-01  1.02025e-01  7.16196e-01
5.075e-01  9.98221e-02  7.16209e-01
5.080e-01  9.76199e-02  7.16221e-01
5.085e-01  9.54188e-02  7.16233e-01
5.090e-01  9.32188e-02  7.16246e-01
5.095e-01  9.10198e-02  7.16258e-01
5.100e-01  8.88220e-02  7.16270e-01
5.105e-01  8.66253e-02  7.16281e-01
5.110e-01  8.44295e-02  7.16293e-01
5.115e-01  8.22348e-02  7.16305e-01
5.120e-01  8.00411e-02  7.16316e-01
5.125e-01  7.78484e-02  7.16328e-01
5.130e-01  7.56567e-02  7.16339e-01
5.135e-01  7.34660e-02  7.16351e-01
5.140e-01  7.12762e-02  7.16362e-01
5.145e-01  6.90875e-02  7.16374e-01
5.150e-01  6.68997e-02  7.16385e-01
5.155e-01  6.47130e-02  7.16396e-01
5.160e-01  6.25273e-02  7.16408e-01
5.165e-01  6.03426e-02  7.16419e-01
5.170e-01  5.81589e-02  7.16431e-01
5.175e-01  5.59763e-02  7.16442e-01
5.180e-01  5.37947e-02  7.16454e-01
5.185e-01  5.16142e-02  7.16466e-01
5.190e-01  4.94347e-02  7.16477e-01
5.195e-01  4.72563e-02  7.16489e-01
5.200e-01  4.50789e-02  7.16500e-01
5.205e-01  4.29025e-02  7.16512e-01
5.210e-01  4.07271e-02  7.16524e-01
5.215e-01  3.85526e-02  7.16536e-01
5.220e-01  3.63792e-02  7.16548e-01
5.225e-01  3.42067e-02  7.16559e-01
5.230e-01  3.20351e-02  7.16571e-01
5.235e-01  2.98644e-02  7.16583e-01
5.240e-01  2.76947e-02  7.16595e-01
5.245e-01  2.55259e-02  7.16607e-01
5.250e-01  2.33581e-02  7.16619e-01
5.255e-01  2.11912e-02  7.16631e-01
5.260e-01  1.90253e-02  7.16644e-01
5.265e-01  1.68604e-02  7.16656e-01
5.270e-01  1.46966e-02  7.16668e-01
5.275e-01  1.25337e-02  7.16680e-01
5.280e-01  1.03720e-02  7.16693e-01
5.285e-01  8.21123e-03  7.16705e-01
5.290e-01  6.05155e-03  7.16717e-01
5.295e-01  3.89291e-03  7.16730e-01
5.300e-01  1.73529e-03  7.16742e-01
5.305e-01  -4.21309e-04  7.16754e-01
5.310e-01  -2.57690e-03  7.16766e-01
5.315e-01  -4.73149e-03  7.16778e-01
5.320e-01  -6.88511e-03  7.16789e-01
5.325e-01  -9.03777e-03  7.16801e-01
5.330e-01  -1.11895e-02  7.16813e-01
5.335e-01  -1.33403e-02  7.16824e-01
5.340e-01  -1.54902e-02  7.16836e-01
5.345e-01  -1.76392e-02  7.16848e-01
5.350e-01  -1.97873e-02  7.16860e-01
5.355e-01  -2.19346e-02  7.16872e-01
5.360e-01  -2.40809e-02  7.16884e-01
5.365e-01  -2.62263e-02  7.16896e-01
5.370e-01  -2.83707e-02  7.16908e-01
5.375e-01  -3.05141e-02  7.16921e-01
5.380e-01  -3.26564e-02  7.16933e-01
5.385e-01  -3.47976e-02  7.16945e-01
5.390e-01  -3.69376e-02  7.16957e-01
5.395e-01  -3.90765e-02  7.16969e-01
5.400e-01  -4.12143e-02  7.16981e-01
5.405e-01  -4.33510e-02  7.16993e-01
5.410e-01  -4.54865e-02  7.17004e-01
5.415e-01  -4.76208e-02  7.17016e-01
5.420e-01  -4.97541e-02  7.17028e-01
5.425e-01  -5.18862e-02  7.17039e-01
5.430e-01  -5.40173e-02  7.17051e-01
5.435e-01  -5.61473e-02  7.17062e-01
5.440e-01  -5.82762e-02  7.17073e-01
5.445e-01  -6.04043e-02  7.17085e-01
5.450e-01  -6.25313e-02  7.17096e-01
5.455e-01  -6.46575e-02  7.17107e-01
5.460e-01  -6.67827e-02  7.17119e-01
5.465e-01  -6.89071e-02  7.17130e-01
5.470e-01  -7.10307e-02  7.17141e-01
5.475e-01  -7.31534e-02  7.17152e-01
5.480e-01  -7.52752e-02  7.17164e-01
5.485e-01  -7.73961e-02  7.17175e-01
5.490e-01  -7.95160e-02  7.17186e-01
5.495e-01  -8.16349e-02  7.17197e-01
5.500e-01  -8.37528e-02  7.17208e-01
5.505e-01  -8.58695e-02  7.17220e-01
5.510e-01  -8.79852e-02  7.17231e-01
5.515e-01  -9.00996e-02  7.17242e-01
5.520e-01  -9.22129e-02  7.17253e-01
5.525e-01  -9.43251e-02  7.17264e-01
5.530e-01  -9.64360e-02  7.17276e-01
5.535e-01  -9.85460e-02  7.17287e-01
5.540e-01  -1.00655e-01  7.17298e-01
5.545e-01  -1.02763e-01  7.17309e-01
5.550e-01  -1.04870e-01  7.17320e-01
5.555e-01  -1.06976e-01  7.17332e-01
5.560e-01  -1.09081e-01  7.17343e-01
5.565e-01  -1.11185e-01  7.17354e-01
5.570e-01  -1.13289e-01  7.17366e-01
5.575e-01  -1.15392e-01  7.17377e-01
5.580e-01  -1.17494e-01  7.17389e-01
5.585e-01  -1.19595e-01  7.17400e-01
5.590e-01  -1.21695e-01  7.17412e-01
5.595e-01  -1.23794e-01  7.17423e-01
5.600e-01  -1.25893e-01  7.17435e-01
5.605e-01  -1.27990e-01  7.17446e-01
5.610e-01  -1.30086e-01  7.17457e-01
5.615e-01  -1.32180e-01  7.17468e-01
5.620e-01  -1.34274e-01  7.17480e-01
5.625e-01  -1.36367e-01  7.17491e-01
5.630e-01  -1.38458e-01  7.17502e-01
5.635e-01  -1.40549e-01  7.17513e-01
5.640e-01  -1.42638e-01  7.17524e-01
5.645e-01  -1.44727e-01  7.17535e-01
5.650e-01  -1.46814e-01  7.17546e-01
5.655e-01  -1.48901e-01  7.17557e-01
5.660e-01  -1.50986e-01  7.17568e-01
5.665e-01  -1.53071e-01  7.17579e-01
5.670e-01  -1.55155e-01  7.17590e-01
5.675e-01  -1.57237e-01  7.17600e-01
5.680e-01  -1.59319e-01  7.17611e-01
5.685e-01  -1.61400e-01  7.17622e-01
5.690e-01  -1.63479e-01  7.17633e-01
5.695e-01  -1.65558e-01  7.17643e-01
5.700e-01  -1.67635e-01  7.17654e-01
5.705e-01  -1.69712e-01  7.17665e-01
5.710e-01  -1.71787e-01  7.17675e-01
5.715e-01  -1.73862e-01  7.17686e-01
5.720e-01  -1.75936e-01  7.17696e-01
5.725e-01  -1.78008e-01  7.17707e-01
5.730e-01  -1.80080e-01  7.17717e-01
5.735e-01  -1.82150e-01  7.17728e-01
5.740e-01  -1.84220e-01  7.17738e-01
5.745e-01  -1.86289e-01  7.17748e-01
5.750e-01  -1.88357e-01  7.17759e-01
5.755e-01  -1.90424e-01  7.17769e-01
5.760e-01  -1.92489e-01  7.17780e-01
5.765e-01  -1.94554e-01  7.17790e-01
5.770e-01  -1.96618e-01  7.17800e-01
5.775e-01  -1.98682e-01  7.17811e-01
5.780e-01  -2.00744e-01  7.17821e-01
5.785e-01  -2.02805e-01  7.17831e-01
5.790e-01  -2.04865e-01  7.17842e-01
5.795e-01  -2.06924e-01  7.17852e-01
5.800e-01  -2.08982e-01  7.17862e-01
5.805e-01  -2.11039e-01  7.17872e-01
5.810e-01  -2.13095e-01  7.17882e-01
5.815e-01  -2.15149e-01  7.17892e-01
5.820e-01  -2.17203e-01  7.17902e-01
5.825e-01  -2.19256e-01  7.17912e-01
5.830e-01  -2.21307e-01  7.17921e-01
5.835e-01  -2.23358e-01  7.17931e-01
5.840e-01  -2.25408e-01  7.17941e-01
5.845e-01  -2.27458e-01  7.17951e-01
5.850e-01  -2.29506e-01  7.17960e-01
5.855e-01  -2.31553e-01  7.17970e-01
5.860e-01  -2.33600e-01  7.17980e-01
5.865e-01  -2.35644e-01  7.17989e-01
5.870e-01  -2.37688e-01  7.17999e-01
5.875e-01  -2.39730e-01  7.18008e-01
5.880e-01  -2.41771e-01  7.18017e-01
5.885e-01  -2.43811e-01  7.18026e-01
5.890e-01  -2.45850e-01  7.18035e-01
5.895e-01  -2.47888e-01  7.18044e-01
5.900e-01  -2.49925e-01  7.18052e-01
5.905e-01  -2.51961e-01  7.18061e-01
5.910e-01  -2.53996e-01  7.18069e-01
5.915e-01  -2.56030e-01  7.18077e-01
5.920e-01  -2.58063e-01  7.18086e-01
5.925e-01  -2.60095e-01  7.18094e-01
5.930e-01  -2.62127e-01  7.18102e-01
5.935e-01  -2.64157e-01  7.18110e-01
5.940e-01  -2.66186e-01  7.18117e-01
5.945e-01  -2.68215e-01  7.18125e-01
5.950e-01  -2.70242e-01  7.18133e-01
5.955e-01  -2.72269e-01  7.18140e-01
5.960e-01  -2.74294e-01  7.18148e-01
5.965e-01  -2.76318e-01  7.18155e-01
5.970e-01  -2.78342e-01  7.18162e-01
5.975e-01  -2.80364e-01  7.18170e-01
5.980e-01  -2.82385e-01  7.18177e-01
5.985e-01  -2.84405e-01  7.18184e-01
5.990e-01  -2.86424e-01  7.18191e-01
5.995e-01  -2.88442e-01  7.18198e-01
6.000e-01  -2.90459e-01  7.18205e-01
6.005e-01  -2.92474e-01  7.18212e-01
6.010e-01  -2.94489e-01  7.18219e-01
6.015e-01  -2.96503e-01  7.18226e-01
6.020e-01  -2.98515e-01  7.18233e-01
6.025e-01  -3.00527e-01  7.18239e-01
6.030e-01  -3.02538e-01  7.18246e-01
6.035e-01  -3.04547e-01  7.18253e-01
6.040e-01  -3.06557e-01  7.18260e-01
6.045e-01  -3.08565e-01  7.18266e-01
6.050e-01  -3.10572e-01  7.18273e-01
6.055e-01  -3.12578e-01  7.18279e-01
6.060e-01  -3.14584e-01  7.18285e-01
6.065e-01  -3.16588e-01  7.18291e-01
6.070e-01  -3.18590e-01  7.18297e-01
6.075e-01  -3.20592e-01  7.18303e-01
6.080e-01  -3.22592e-01  7.18308e-01
6.085e-01  -3.24591e-01  7.18313e-01
6.090e-01  -3.26589e-01  7.18319e-01
6.095e-01  -3.28586e-01  7.18324e-01
6.100e-01  -3.30582e-01  7.18329e-01
6.105e-01  -3.32577e-01  7.18334e-01
6.110e-01  -3.34571e-01  7.18339e-01
6.115e-01  -3.36564e-01  7.18344e-01
6.120e-01  -3.38556e-01  7.18349e-01
6.125e-01  -3.40548e-01  7.18354e-01
6.130e-01  -3.42537e-01  7.18359e-01
6.135e-01  -3.44526e-01  7.18363e-01
6.140e-01  -3.46514e-01  7.18368e-01
6.145e-01  -3.48500e-01  7.18373e-01
6.150e-01  -3.50486e-01  7.18377e-01
6.155e-01  -3.52470e-01  7.18381e-01
6.160e-01  -3.54454e-01  7.18386e-01
6.165e-01  -3.56436e-01  7.18390e-01
6.170e-01  -3.58418e-01  7.18394e-01
6.175e-01  -3.60399e-01  7.18398e-01
6.180e-01  -3.62379e-01  7.18402e-01
6.185e-01  -3.64358e-01  7.18406e-01
6.190e-01  -3.66336e-01  7.18409e-01
6.195e-01  -3.68313e-01  7.18413e-01
6.200e-01  -3.70288e-01  7.18417e-01
6.205e-01  -3.72262e-01  7.18421e-01
6.210e-01  -3.74235e-01  7.18425e-01
6.215e-01  -3.76207e-01  7.18429e-01
6.220e-01  -3.78177e-01  7.18433e-01
6.225e-01  -3.80146e-01  7.18437e-01
6.230e-01  -3.82114e-01  7.18441e-01
6.235e-01  -3.84082e-01  7.18445e-01
6.240e-01  -3.86048e-01  7.18449e-01
6.245e-01  -3.88013e-01  7.18453e-01
6.250e-01  -3.89977e-01  7.18457e-01
6.255e-01  -3.91941e-01  7.18461e-01
6.260e-01  -3.93903e-01  7.18465e-01
6.265e-01  -3.95865e-01  7.18469e-01
6.270e-01  -3.97826e-01  7.18473e-01
6.275e-01  -3.99785e-01  7.18477e-01
6.280e-01  -4.01743e-01  7.18481e-01
6.285e-01  -4.03700e-01  7.18486e-01
6.290e-01  -4.05656e-01  7.18491e-01
6.295e-01  -4.07611e-01  7.18495e-01
6.300e-01  -4.09564e-01  7.18500e-01
6.305e-01  -4.11517e-01  7.18506e-01
6.310e-01  -4.13468e-01  7.18511e-01
6.315e-01  -4.15418e-01  7.18517e-01
6.320e-01  -4.17368e-01  7.18523e-01
6.325e-01  -4.19316e-01  7.18529e-01
6.330e-01  -4.21263e-01  7.18536e-01
6.335e-01  -4.23209e-01  7.18543e-01
6.340e-01  -4.25155e-01  7.18550e-01
6.345e-01  -4.27099e-01  7.18558e-01
6.350e-01  -4.29043e-01  7.18567e-01
6.355e-01  -4.30986e-01  7.18575e-01
6.360e-01  -4.32927e-01  7.18584e-01
6.365e-01  -4.34867e-01  7.18593e-01
6.370e-01  -4.36806e-01  7.18602e-01
6.375e-01  -4.38744e-01  7.18613e-01
6.380e-01  -4.40681e-01  7.18623e-01
6.385e-01  -4.42618e-01  7.18635e-01
6.390e-01  -4.44553e-01  7.18647e-01
6.395e-01  -4.46487e-01  7.18659e-01
6.400e-01  -4.48421e-01  7.18672e-01
6.405e-01  -4.50353e-01  7.18686e-01
6.410e-01  -4.52285e-01  7.18700e-01
6.415e-01  -4.54215e-01  7.18714e-01
6.420e-01  -4.56145e-01  7.18730e-01
6.425e-01  -4.58073e-01  7.18746e-01
6.430e-01  -4.60000e-01  7.18763e-01
6.435e-01  -4.61925e-01  7.18781e-01
6.440e-01  -4.63850e-01  7.18800e-01
6.445e-01  -4.65773e-01  7.18819e-01
6.450e-01  -4.67695e-01  7.18840e-01
6.455e-01  -4.69616e-01  7.18861e-01
6.460e-01  -4.71537e-01  7.18884e-01
6.465e-01  -4.73458e-01  7.18907e-01
6.470e-01  -4.75379e-01  7.18932e-01
6.475e-01  -4.77298e-01  7.18957e-01
6.480e-01  -4.79215e-01  7.18984e-01
6.485e-01  -4.81130e-01  7.19012e-01
6.490e-01  -4.83044e-01  7.19041e-01
6.495e-01  -4.84958e-01  7.19071e-01
6.500e-01  -4.86870e-01  7.19102e-01
6.505e-01  -4.88783e-01  7.19135e-01
6.510e-01  -4.90694e-01  7.19169e-01
6.515e-01  -4.92605e-01  7.19204e-01
6.520e-01  -4.94515e-01  7.19241e-01
6.525e-01  -4.96424e-01  7.19279e-01
6.530e-01  -4.98332e-01  7.19318e-01
6.535e-01  -5.00238e-01  7.19360e-01
6.540e-01  -5.02144e-01  7.19403e-01
6.545e-01  -5.04048e-01  7.19447e-01
6.550e-01  -5.05952e-01  7.19494e-01
6.555e-01  -5.07855e-01  7.19542e-01
6.560e-01  -5.09756e-01  7.19592e-01
6.565e-01  -5.11656e-01  7.19644e-01
6.570e-01  -5.13555e-01  7.19697e-01
6.575e-01  -5.15454e-01  7.19752e-01
6.580e-01  -5.17352e-01  7.19810e-01
6.585e-01  -5.19249e-01  7.19869e-01
6.590e-01  -5.21146e-01  7.19930e-01
6.595e-01  -5.23043e-01  7.19994e-01
6.600e-01  -5.24938e-01  7.20059e-01
6.605e-01  -5.26831e-01  7.20127e-01
6.610e-01  -5.28723e-01  7.20197e-01
6.615e-01  -5.30615e-01  7.20270e-01
6.620e-01  -5.32506e-01  7.20344e-01
6.625e-01  -5.34395e-01  7.20421e-01
6.630e-01  -5.36283e-01  7.20500e-01
6.635e-01  -5.38171e-01  7.20582e-01
6.640e-01  -5.40059e-01  7.20666e-01
6.645e-01  -5.41946e-01  7.20753e-01
6.650e-01  -5.43830e-01  7.20843e-01
6.655e-01  -5.45715e-01  7.20934e-01
6.660e-01  -5.47599e-01  7.21028e-01
6.665e-01  -5.49482e-01  7.21125e-01
6.670e-01  -5.51362e-01  7.21225e-01
6.675e-01  -5.53242e-01  7.21327e-01
6.680e-01  -5.55124e-01  7.21432e-01
6.685e-01  -5.57004e-01  7.21540e-01
6.690e-01  -5.58882e-01  7.21650e-01
6.695e-01  -5.60758e-01  7.21764e-01
6.700e-01  -5.62635e-01  7.21880e-01
6.705e-01  -5.64512e-01  7.21999e-01
6.710e-01  -5.66385e-01  7.22120e-01
6.715e-01  -5.68261e-01  7.22245e-01
6.720e-01  -5.70135e-01  7.22372e-01
6.725e-01  -5.72005e-01  7.22502e-01
6.730e-01  -5.73876e-01  7.22633e-01
6.735e-01  -5.75748e-01  7.22768e-01
6.740e-01  -5.77618e-01  7.22906e-01
6.745e-01  -5.79486e-01  7.23046e-01
6.750e-01  -5.81353e-01  7.23190e-01
6.755e-01  -5.83221e-01  7.23335e-01
6.760e-01  -5.85087e-01  7.23483e-01
6.765e-01  -5.86952e-01  7.23633e-01
6.770e-01  -5.88814e-01  7.23787e-01
6.775e-01  -5.90676e-01  7.23942e-01
6.780e-01  -5.92540e-01  7.24099e-01
6.785e-01  -5.94400e-01  7.24259e-01
6.790e-01  -5.96257e-01  7.24422e-01
6.795e-01  -5.98116e-01  7.24585e-01
6.800e-01  -5.99974e-01  7.24752e-01
6.805e-01  -6.01830e-01  7.24921e-01
6.810e-01  -6.03684e-01  7.25092e-01
6.815e-01  -6.05536e-01  7.25264e-01
6.820e-01  -6.07390e-01  7.25439e-01
6.825e-01  -6.09238e-01  7.25617e-01
6.830e-01  -6.11088e-01  7.25796e-01
6.835e-01  -6.12934e-01  7.25977e-01
6.840e-01  -6.14781e-01  7.26160e-01
6.845e-01  -6.16628e-01  7.26346e-01
6.850e-01  -6.18469e-01  7.26533e-01
6.855e-01  -6.20311e-01  7.26722e-01
6.860e-01  -6.22150e-01  7.26914e-01
6.865e-01  -6.23992e-01  7.27107e-01
6.870e-01  -6.25827e-01  7.27302e-01
6.875e-01  -6.27664e-01  7.27500e-01
6.880e-01  -6.29496e-01  7.27698e-01
6.885e-01  -6.31327e-01  7.27900e-01
6.890e-01  -6.33157e-01  7.28103e-01
6.895e-01  -6.34985e-01  7.28308e-01
6.900e-01  -6.36814e-01  7.28515e-01
6.905e-01  -6.38635e-01  7.28723e-01
6.910e-01  -6.40460e-01  7.28935e-01
6.915e-01  -6.42279e-01  7.29148e-01
6.920e-01  -6.44099e-01  7.29363e-01
6.925e-01  -6.45917e-01  7.29580e-01
6.930e-01  -6.47729e-01  7.29798e-01
6.935e-01  -6.49541e-01  7.30019e-01
6.940e-01  -6.51351e-01  7.30242e-01
6.945e-01  -6.53158e-01  7.30466e-01
6.950e-01  -6.54964e-01  7.30692e-01
6.955e-01  -6.56768e-01  7.30921e-01
6.960e-01  -6.58569e-01  7.31151e-01
6.965e-01  -6.60367e-01  7.31384e-01
6.970e-01  -6.62161e-01  7.31618e-01
6.975e-01  -6.63954e-01  7.31855e-01
6.980e-01  -6.65745e-01  7.32093e-01
6.985e-01  -6.67532e-01  7.32333e-01
6.990e-01  -6.69317e-01  7.32576e-01
6.995e-01  -6.71100e-01  7.32820e-01
7.000e-01  -6.72878e-01  7.33066e-01
7.005e-01  -6.74657e-01  7.33315e-01
7.010e-01  -6.76429e-01  7.33566e-01
7.015e-01  -6.78199e-01  7.33819e-01
7.020e-01  -6.79966e-01  7.34074e-01
7.025e-01  -6.81729e-01  7.34331e-01
7.030e-01  -6.83490e-01  7.34591e-01
7.035e-01  -6.85249e-01  7.34853e-01
7.040e-01  -6.87004e-01  7.35118e-01
7.045e-01  -6.88753e-01  7.35384e-01
7.050e-01  -6.90502e-01  7.35654e-01
7.055e-01  -6.92244e-01  7.35925e-01
7.060e-01  -6.93986e-01  7.36199e-01
7.065e-01  -6.95720e-01  7.36475e-01
7.070e-01  -6.97450e-01  7.36753e-01
7.075e-01  -6.99178e-01  7.37033e-01
7.080e-01  -7.00903e-01  7.37313e-01
7.085e-01  -7.02619e-01  7.37596e-01
7.090e-01  -7.04333e-01  7.37878e-01
7.095e-01  -7.06042e-01  7.38164e-01
7.100e-01  -7.07746e-01  7.38452e-01
7.105e-01  -7.09445e-01  7.38743e-01
7.110e-01  -7.11139e-01  7.39041e-01
7.115e-01  -7.12837e-01  7.39356e-01
7.120e-01  -7.14527e-01  7.39662e-01
7.125e-01  -7.16122e-01  7.39691e-01
7.130e-01  -7.17701e-01  7.39662e-01
7.135e-01  -7.19295e-01  7.39673e-01
7.140e-01  -7.20886e-01  7.39671e-01
7.145e-01  -7.22481e-01  7.39671e-01
7.150e-01  -7.24076e-01  7.39671e-01
7.155e-01  -7.25673e-01  7.39671e-01
7.160e-01  -7.27274e-01  7.39671e-01
7.165e-01  -7.28877e-01  7.39671e-01
7.170e-01  -7.30479e-01  7.39671e-01
7.175e-01  -7.32083e-01  7.39671e-01
7.180e-01  -7.33689e-01  7.39671e-01
7.185e-01  -7.35300e-01  7.39671e-01
7.190e-01  -7.36910e-01  7.39671e-01
7.195e-01  -7.38525e-01  7.39671e-01
7.200e-01  -7.40137e-01  7.39671e-01
7.205e-01  -7.41755e-01  7.39671e-01
7.210e-01  -7.43374e-01  7.39671e-01
7.215e-01  -7.44994e-01  7.39671e-01
7.220e-01  -7.46617e-01  7.39671e-01
7.225e-01  -7.48241e-01  7.39671e-01
7.230e-01  -7.49867e-01  7.39671e-01
7.235e-01  -7.51494e-01  7.39671e-01
7.240e-01  -7.53124e-01  7.39671e-01
7.245e-01  -7.54756e-01  7.39671e-01
7.250e-01  -7.56391e-01  7.39671e-01
7.255e-01  -7.58027e-01  7.39671e-01
7.260e-01  -7.59666e-01  7.39671e-01
7.265e-01  -7.61307e-01  7.39671e-01
7.270e-01  -7.62948e-01  7.39671e-01
7.275e-01  -7.64590e-01  7.39671e-01
7.280e-01  -7.66237e-01  7.39671e-01
7.285e-01  -7.67886e-01  7.39671e-01
7.290e-01  -7.69537e-01  7.39671e-01
7.295e-01  -7.71189e-01  7.39671e-01
7.300e-01  -7.72843e-01  7.39671e-01
7.305e-01  -7.74499e-01  7.39671e-01
7.310e-01  -7.76159e-01  7.39671e-01
7.315e-01  -7.77821e-01  7.39671e-01
7.320e-01  -7.79483e-01  7.39671e-01
7.325e-01  -7.81148e-01  7.39671e-01
7.330e-01  -7.82816e-01  7.39671e-01
7.335e-01  -7.84485e-01  7.39671e-01
7.340e-01  -7.86156e-01  7.39671e-01
7.345e-01  -7.87829e-01  7.39671e-01
7.350e-01  -7.89505e-01  7.39671e-01
7.355e-01  -7.91182e-01  7.39671e-01
7.360e-01  -7.92862e-01  7.39671e-01
7.365e-01  -7.94544e-01  7.39671e-01
7.370e-01  -7.96229e-01  7.39671e-01
7.375e-01  -7.97917e-01  7.39671e-01
7.380e-01  -7.99607e-01  7.39671e-01
7.385e-01  -8.01297e-01  7.39671e-01
7.390e-01  -8.02990e-01  7.39671e-01
7.395e-01  -8.04686e-01  7.39671e-01
7.400e-01  -8.06384e-01  7.39671e-01
7.405e-01  -8.08085e-01  7.39671e-01
7.410e-01  -8.09787e-01  7.39671e-01
7.415e-01  -8.11492e-01  7.39671e-01
7.420e-01  -8.13199e-01  7.39671e-01
7.425e-01  -8.14909e-01  7.39671e-01
7.430e-01  -8.16620e-01  7.39671e-01
7.435e-01  -8.18335e-01  7.39671e-01
7.440e-01  -8.20051e-01  7.39671e-01
7.445e-01  -8.21770e-01  7.39671e-01
7.450e-01  -8.23492e-01  7.39671e-01
7.455e-01  -8.25216e-01  7.39671e-01
7.460e-01  -8.26942e-01  7.39671e-01
7.465e-01  -8.28669e-01  7.39671e-01
7.470e-01  -8.30399e-01  7.39671e-01
7.475e-01  -8.32132e-01  7.39671e-01
7.480e-01  -8.33868e-01  7.39671e-01
7.485e-01  -8.35607e-01  7.39671e-01
7.490e-01  -8.37349e-01  7.39671e-01
7.495e-01  -8.39092e-01  7.39671e-01
7.500e-01  -8.40837e-01  7.39671e-01
7.505e-01  -8.42585e-01  7.39671e-01
7.510e-01  -8.44335e-01  7.39671e-01
7.515e-01  -8.46088e-01  7.39671e-01
7.520e-01  -8.47844e-01  7.39671e-01
7.525e-01  -8.49603e-01  7.39671e-01
7.530e-01  -8.51364e-01  7.39671e-01
7.535e-01  -8.53128e-01  7.39671e-01
7.540e-01  -8.54894e-01  7.39671e-01
7.545e-01  -8.56662e-01  7.39671e-01
7.550e-01  -8.58432e-01  7.39671e-01
7.555e-01  -8.60205e-01  7.39671e-01
7.560e-01  -8.61980e-01  7.39671e-01
7.565e-01  -8.63759e-01  7.39671e-01
7.570e-01  -8.65541e-01  7.39671e-01
7.575e-01  -8.67325e-01  7.39671e-01
7.580e-01  -8.69112e-01  7.39671e-01
7.585e-01  -8.70902e-01  7.39671e-01
7.590e-01  -8.72694e-01  7.39671e-01
7.595e-01  -8.74489e-01  7.39671e-01
7.600e-01  -8.76287e-01  7.39671e-01
7.605e-01  -8.78088e-01  7.39671e-01
7.610e-01  -8.79891e-01  7.39671e-01
7.615e-01  -8.81697e-01  7.39671e-01
7.620e-01  -8.83505e-01  7.39671e-01
7.625e-01  -8.85316e-01  7.39671e-01
7.630e-01  -8.87130e-01  7.39671e-01
7.635e-01  -8.88947e-01  7.39671e-01
7.640e-01  -8.90768e-01  7.39671e-01
7.645e-01  -8.92591e-01  7.39671e-01
7.650e-01  -8.94416e-01  7.39671e-01
7.655e-01  -8.96244e-01  7.39671e-01
7.660e-01  -8.98075e-01  7.39671e-01
7.665e-01  -8.99908e-01  7.39671e-01
7.670e-01  -9.01745e-01  7.39671e-01
7.675e-01  -9.03585e-01  7.39671e-01
7.680e-01  -9.05428e-01  7.39671e-01
7.685e-01  -9.07274e-01  7.39671e-01
7.690e-01  -9.09122e-01  7.39671e-01
7.695e-01  -9.10974e-01  7.39671e-01
7.700e-01  -9.12828e-01  7.39671e-01
7.705e-01  -9.14685e-01  7.39671e-01
7.710e-01  -9.16546e-01  7.39671e-01
7.715e-01  -9.18410e-01  7.39671e-01
7.720e-01  -9.20278e-01  7.39671e-01
7.725e-01  -9.22149e-01  7.39671e-01
7.730e-01  -9.24023e-01  7.39671e-01
7.735e-01  -9.25899e-01  7.39671e-01
7.740e-01  -9.27778e-01  7.39671e-01
7.745e-01  -9.29659e-01  7.39671e-01
7.750e-01  -9.31544e-01  7.39671e-01
7.755e-01  -9.33432e-01  7.39671e-01
7.760e-01  -9.35323e-01  7.39671e-01
7.765e-01  -9.37218e-01  7.39671e-01
7.770e-01  -9.39116e-01  7.39671e-01
7.775e-01  -9.41017e-01  7.39671e-01
7.780e-01  -9.42921e-01  7.39671e-01
7.785e-01  -9.44828e-01  7.39671e-01
7.790e-01  -9.46739e-01  7.39671e-01
7.795e-01  -9.48653e-01  7.39671e-01
7.800e-01  -9.50570e-01  7.39671e-01
7.805e-01  -9.52491e-01  7.39671e-01
7.810e-01  -9.54415e-01  7.39671e-01
7.815e-01  -9.56344e-01  7.39671e-01
7.820e-01  -9.58275e-01  7.39671e-01
7.825e-01  -9.60210e-01  7.39671e-01
7.830e-01  -9.62148e-01  7.39671e-01
7.835e-01  -9.64089e-01  7.39671e-01
7.840e-01  -9.66033e-01  7.39671e-01
7.845e-01  -9.67981e-01  7.39671e-01
7.850e-01  -9.69932e-01  7.39671e-01
7.855e-01  -9.71887e-01  7.39671e-01
7.860e-01  -9.73845e-01  7.39671e-01
7.865e-01  -9.75807e-01  7.39671e-01
7.870e-01  -9.77773e-01  7.39671e-01
7.875e-01  -9.79743e-01  7.39671e-01
7.880e-01  -9.81715e-01  7.39671e-01
7.885e-01  -9.83691e-01  7.39671e-01
7.890e-01  -9.85671e-01  7.39671e-01
7.895e-01  -9.87653e-01  7.39671e-01
7.900e-01  -9.89639e-01  7.39671e-01
7.905e-01  -9.91629e-01  7.39671e-01
7.910e-01  -9.93623e-01  7.39671e-01
7.915e-01  -9.95622e-01  7.39671e-01
7.920e-01  -9.97626e-01  7.39671e-01
7.925e-01  -9.99633e-01  7.39671e-01
7.930e-01  -1.00164e+00  7.39671e-01
7.935e-01  -1.00366e+00  7.39671e-01
7.940e-01  -1.00567e+00  7.39671e-01
7.945e-01  -1.00769e+00  7.39671e-01
7.950e-01  -1.00972e+00  7.39671e-01
7.955e-01  -1.01175e+00  7.39671e-01
7.960e-01  -1.01378e+00  7.39671e-01
7.965e-01  -1.01582e+00  7.39671e-01
7.970e-01  -1.01786e+00  7.39671e-01
7.975e-01  -1.01991e+00  7.39671e-01
7.980e-01  -1.02195e+00  7.39671e-01
7.985e-01  -1.02400e+00  7.39671e-01
7.990e-01  -1.02606e+00  7.39671e-01
7.995e-01  -1.02812e+00  7.39671e-01
8.000e-01  -1.03018e+00  7.39671e-01
8.005e-01  -1.03225e+00  7.39671e-01
8.010e-01  -1.03432e+00  7.39671e-01
8.015e-01  -1.03640e+00  7.39671e-01
8.020e-01  -1.03848e+00  7.39671e-01
8.025e-01  -1.04057e+00  7.39671e-01
8.030e-01  -1.04266e+00  7.39671e-01
8.035e-01  -1.04475e+00  7.39671e-01
8.040e-01  -1.04684e+00  7.39671e-01
8.045e-01  -1.04894e+00  7.39671e-01
8.050e-01  -1.05105e+00  7.39671e-01
8.055e-01  -1.05316e+00  7.39671e-01
8.060e-01  -1.05527e+00  7.39671e-01
8.065e-01  -1.05739e+00  7.39671e-01
8.070e-01  -1.05951e+00  7.39671e-01
8.075e-01  -1.06164e+00  7.39671e-01
8.080e-01  -1.06378e+00  7.39671e-01
8.085e-01  -1.06592e+00  7.39671e-01
8.090e-01  -1.06806e+00  7.39671e-01
8.095e-01  -1.07021e+00  7.39671e-01
8.100e-01  -1.07235e+00  7.39671e-01
8.105e-01  -1.07451e+00  7.39671e-01
8.110e-01  -1.07667e+00  7.39671e-01
8.115e-01  -1.07883e+00  7.39671e-01
8.120e-01  -1.08100e+00  7.39671e-01
8.125e-01  -1.08318e+00  7.39671e-01
8.130e-01  -1.08536e+00  7.39671e-01
8.135e-01  -1.08754e+00  7.39671e-01
8.140e-01  -1.08972e+00  7.39671e-01
8.145e-01  -1.09192e+00  7.39671e-01
8.150e-01  -1.09411e+00  7.39671e-01
8.155e-01  -1.09631e+00  7.39671e-01
8.160e-01  -1.09852e+00  7.39671e-01
8.165e-01  -1.10073e+00  7.39671e-01
8.170e-01  -1.10295e+00  7.39671e-01
8.175e-01  -1.10517e+00  7.39671e-01
8.180e-01  -1.10740e+00  7.39671e-01
8.185e-01  -1.10963e+00  7.39671e-01
8.190e-01  -1.11187e+00  7.39671e-01
8.195e-01  -1.11411e+00  7.39671e-01
8.200e-01  -1.11635e+00  7.39671e-01
8.205e-01  -1.11860e+00  7.39671e-01
8.210e-01  -1.12086e+00  7.39671e-01
8.215e-01  -1.12312e+00  7.39671e-01
8.220e-01  -1.12539e+00  7.39671e-01
8.225e-01  -1.12766e+00  7.39671e-01
8.230e-01  -1.12994e+00  7.39671e-01
8.235e-01  -1.13222e+00  7.39671e-01
8.240e-01  -1.13451e+00  7.39671e-01
8.245e-01  -1.13680e+00  7.39671e-01
8.250e-01  -1.13910e+00  7.39671e-01
8.255e-01  -1.14141e+00  7.39671e-01
8.260e-01  -1.14372e+00  7.39671e-01
8.265e-01  -1.14603e+00  7.39671e-01
8.270e-01  -1.14835e+00  7.39671e-01
8.275e-01  -1.15068e+00  7.39671e-01
8.280e-01  -1.15301e+00  7.39671e-01
8.285e-01  -1.15535e+00  7.39671e-01
8.290e-01  -1.15769e+00  7.39671e-01
8.295e-01  -1.16004e+00  7.39671e-01
8.300e-01  -1.16240e+00  7.39671e-01
8.305e-01  -1.16476e+00  7.39671e-01
8.310e-01  -1.16713e+00  7.39671e-01
8.315e-01  -1.16950e+00  7.39671e-01
8.320e-01  -1.17187e+00  7.39671e-01
8.325e-01  -1.17426e+00  7.39671e-01
8.330e-01  -1.17664e+00  7.39671e-01
8.335e-01  -1.17904e+00  7.39671e-01
8.340e-01  -1.18144e+00  7.39671e-01
8.345e-01  -1.18385e+00  7.39671e-01
8.350e-01  -1.18626e+00  7.39671e-01
8.355e-01  -1.18869e+00  7.39671e-01
8.360e-01  -1.19112e+00  7.39671e-01
8.365e-01  -1.19355e+00  7.39671e-01
8.370e-01  -1.19599e+00  7.39671e-01
8.375e-01  -1.19843e+00  7.39671e-01
8.380e-01  -1.20088e+00  7.39671e-01
8.385e-01  -1.20334e+00  7.39671e-01
8.390e-01  -1.20581e+00  7.39671e-01
8.395e-01  -1.20828e+00  7.39671e-01
8.400e-01  -1.21076e+00  7.39671e-01
8.405e-01  -1.21325e+00  7.39671e-01
8.410e-01  -1.21574e+00  7.39671e-01
8.415e-01  -1.21823e+00  7.39671e-01
8.420e-01  -1.22074e+00  7.39671e-01
8.425e-01  -1.22325e+00  7.39671e-01
8.430e-01  -1.22576e+00  7.39671e-01
8.435e-01  -1.22829e+00  7.39671e-01
8.440e-01  -1.23082e+00  7.39671e-01
8.445e-01  -1.23336e+00  7.39671e-01
8.450e-01  -1.23590e+00  7.39671e-01
8.455e-01  -1.23846e+00  7.39671e-01
8.460e-01  -1.24102e+00  7.39671e-01
8.465e-01  -1.24358e+00  7.39671e-01
8.470e-01  -1.24616e+00  7.39671e-01
8.475e-01  -1.24874e+00  7.39671e-01
8.480e-01  -1.25133e+00  7.39671e-01
8.485e-01  -1.25392e+00  7.39671e-01
8.490e-01  -1.25653e+00  7.39671e-01
8.495e-01  -1.25914e+00  7.39671e-01
8.500e-01  -1.26176e+00  7.39671e-01
8.505e-01  -1.26438e+00  7.39671e-01
8.510e-01  -1.26702e+00  7.39671e-01
8.515e-01  -1.26966e+00  7.39671e-01
8.520e-01  -1.27231e+00  7.39671e-01
8.525e-01  -1.27497e+00  7.39671e-01
8.530e-01  -1.27763e+00  7.39671e-01
8.535e-01  -1.28030e+00  7.39671e-01
8.540e-01  -1.28298e+00  7.39671e-01
8.545e-01  -1.28567e+00  7.39671e-01
8.550e-01  -1.28836e+00  7.39671e-01
8.555e-01  -1.29107e+00  7.39671e-01
8.560e-01  -1.29378e+00  7.39671e-01
8.565e-01  -1.29650e+00  7.39671e-01
8.570e-01  -1.29923e+00  7.39671e-01
8.575e-01  -1.30196e+00  7.39671e-01
8.580e-01  -1.30471e+00  7.39671e-01
8.585e-01  -1.30746e+00  7.39671e-01
8.590e-01  -1.31023e+00  7.39671e-01
8.595e-01  -1.31300e+00  7.39671e-01
8.600e-01  -1.31578e+00  7.39671e-01
8.605e-01  -1.31857e+00  7.39671e-01
8.610e-01  -1.32137e+00  7.39671e-01
8.615e-01  -1.32417e+00  7.39671e-01
8.620e-01  -1.32699e+00  7.39671e-01
8.625e-01  -1.32981e+00  7.39671e-01
8.630e-01  -1.33264e+00  7.39671e-01
8.635e-01  -1.33548e+00  7.39671e-01
8.640e-01  -1.33833e+00  7.39671e-01
8.645e-01  -1.34119e+00  7.39671e-01
8.650e-01  -1.34406e+00  7.39671e-01
8.655e-01  -1.34694e+00  7.39671e-01
8.660e-01  -1.34983e+00  7.39671e-01
8.665e-01  -1.35273e+00  7.39671e-01
8.670e-01  -1.35564e+00  7.39671e-01
8.675e-01  -1.35856e+00  7.39671e-01
8.680e-01  -1.36149e+00  7.39671e-01
8.685e-01  -1.36443e+00  7.39671e-01
8.690e-01  -1.36738e+00  7.39671e-01
8.695e-01  -1.37034e+00  7.39671e-01
8.700e-01  -1.37331e+00  7.39671e-01
8.705e-01  -1.37629e+00  7.39671e-01
8.710e-01  -1.37927e+00  7.39671e-01
8.715e-01  -1.38227e+00  7.39671e-01
8.720e-01  -1.38528e+00  7.39671e-01
8.725e-01  -1.38830e+00  7.39671e-01
8.730e-01  -1.39134e+00  7.39671e-01
8.735e-01  -1.39438e+00  7.39671e-01
8.740e-01  -1.39743e+00  7.39671e-01
8.745e-01  -1.40049e+00  7.39671e-01
8.750e-01  -1.40356e+00  7.39671e-01
8.755e-01  -1.40665e+00  7.39671e-01
8.760e-01  -1.40975e+00  7.39671e-01
8.765e-01  -1.41286e+00  7.39671e-01
8.770e-01  -1.41598e+00  7.39671e-01
8.775e-01  -1.41911e+00  7.39671e-01
8.780e-01  -1.42225e+00  7.39671e-01
8.785e-01  -1.42541e+00  7.39671e-01
8.790e-01  -1.42857e+00  7.39671e-01
8.795e-01  -1.43175e+00  7.39671e-01
8.800e-01  -1.43493e+00  7.39671e-01
8.805e-01  -1.43813e+00  7.39671e-01
8.810e-01  -1.44135e+00  7.39671e-01
8.815e-01  -1.44459e+00  7.39671e-01
8.820e-01  -1.44783e+00  7.39671e-01
8.825e-01  -1.45108e+00  7.39671e-01
8.830e-01  -1.45434e+00  7.39671e-01
8.835e-01  -1.45762e+00  7.39671e-01
8.840e-01  -1.46091e+00  7.39671e-01
8.845e-01  -1.46421e+00  7.39671e-01
8.850e-01  -1.46753e+00  7.39671e-01
8.855e-01  -1.47085e+00  7.39671e-01
8.860e-01  -1.47419e+00  7.39671e-01
8.865e-01  -1.47755e+00  7.39671e-01
8.870e-01  -1.48092e+00  7.39671e-01
8.875e-01  -1.48431e+00  7.39671e-01
8.880e-01  -1.48771e+00  7.39671e-01
8.885e-01  -1.49112e+00  7.39671e-01
8.890e-01  -1.49454e+00  7.39671e-01
8.895e-01  -1.49798e+00  7.39671e-01
8.900e-01  -1.50144e+00  7.39671e-01
8.905e-01  -1.50491e+00  7.39671e-01
8.910e-01  -1.50839e+00  7.39671e-01
8.915e-01  -1.51189e+00  7.39671e-01
8.920e-01  -1.51540e+00  7.39671e-01
8.925e-01  -1.51893e+00  7.39671e-01
8.930e-01  -1.52248e+00  7.39671e-01
8.935e-01  -1.52604e+00  7.39671e-01
8.940e-01  -1.52961e+00  7.39671e-01
8.945e-01  -1.53321e+00  7.39671e-01
8.950e-01  -1.53681e+00  7.39671e-01
8.955e-01  -1.54044e+00  7.39671e-01
8.960e-01  -1.54408e+00  7.39671e-01
8.965e-01  -1.54774e+00  7.39671e-01
8.970e-01  -1.55141e+00  7.39671e-01
8.975e-01  -1.55510e+00  7.39671e-01
8.980e-01  -1.55880e+00  7.39671e-01
8.985e-01  -1.56253e+00  7.39671e-01
8.990e-01  -1.56627e+00  7.39671e-01
8.995e-01  -1.57003e+00  7.39671e-01
9.000e-01  -1.57380e+00  7.39671e-01
9.005e-01  -1.57759e+00  7.39671e-01
9.010e-01  -1.58140e+00  7.39671e-01
9.015e-01  -1.58523e+00  7.39671e-01
9.020e-01  -1.58908e+00  7.39671e-01
9.025e-01  -1.59295e+00  7.39671e-01
9.030e-01  -1.59684e+00  7.39671e-01
9.035e-01  -1.60074e+00  7.39671e-01
9.040e-01  -1.60467e+00  7.39671e-01
9.045e-01  -1.60862e+00  7.39671e-01
9.050e-01  -1.61258e+00  7.39671e-01
9.055e-01  -1.61656e+00  7.39671e-01
9.060e-01  -1.62057e+00  7.39671e-01
9.065e-01  -1.62459e+00  7.39671e-01
9.070e-01  -1.62863e+00  7.39671e-01
9.075e-01  -1.63269e+00  7.39671e-01
9.080e-01  -1.63678e+00  7.39671e-01
9.085e-01  -1.64089e+00  7.39671e-01
9.090e-01  -1.64502e+00  7.39671e-01
9.095e-01  -1.64918e+00  7.39671e-01
9.100e-01  -1.65335e+00  7.39671e-01
9.105e-01  -1.65754e+00  7.39671e-01
9.110e-01  -1.66176e+00  7.39671e-01
9.115e-01  -1.66600e+00  7.39671e-01
9.120e-01  -1.67027e+00  7.39671e-01
9.125e-01  -1.67456e+00  7.39671e-01
9.130e-01  -1.67887e+00  7.39671e-01
9.135e-01  -1.68321e+00  7.39671e-01
9.140e-01  -1.68756e+00  7.39671e-01
9.145e-01  -1.69195e+00  7.39671e-01
9.150e-01  -1.69636e+00  7.39671e-01
9.155e-01  -1.70079e+00  7.39671e-01
9.160e-01  -1.70526e+00  7.39671e-01
9.165e-01  -1.70974e+00  7.39671e-01
9.170e-01  -1.71425e+00  7.39671e-01
9.175e-01  -1.71879e+00  7.39671e-01
9.180e-01  -1.72335e+00  7.39671e-01
9.185e-01  -1.72795e+00  7.39671e-01
9.190e-01  -1.73258e+00  7.39671e-01
9.195e-01  -1.73723e+00  7.39671e-01
9.200e-01  -1.74191e+00  7.39671e-01
9.205e-01  -1.74661e+00  7.39671e-01
9.210e-01  -1.75135e+00  7.39671e-01
9.215e-01  -1.75612e+00  7.39671e-01
9.220e-01  -1.76092e+00  7.39671e-01
9.225e-01  -1.76575e+00  7.39671e-01
9.230e-01  -1.77060e+00  7.39671e-01
9.235e-01  -1.77549e+00  7.39671e-01
9.240e-01  -1.78040e+00  7.39671e-01
9.245e-01  -1.78535e+00  7.39671e-01
9.250e-01  -1.79035e+00  7.39671e-01
9.255e-01  -1.79537e+00  7.39671e-01
9.260e-01  -1.80042e+00  7.39671e-01
9.265e-01  -1.80551e+00  7.39671e-01
9.270e-01  -1.81062e+00  7.39671e-01
9.275e-01  -1.81578e+00  7.39671e-01
9.280e-01  -1.82098e+00  7.39671e-01
9.285e-01  -1.82621e+00  7.39671e-01
9.290e-01  -1.83147e+00  7.39671e-01
9.295e-01  -1.83677e+00  7.39671e-01
9.300e-01  -1.84212e+00  7.39671e-01
9.305e-01  -1.84750e+00  7.39671e-01
9.310e-01  -1.85291e+00  7.39671e-01
9.315e-01  -1.85837e+00  7.39671e-01
9.320e-01  -1.86387e+00  7.39671e-01
9.325e-01  -1.86942e+00  7.39671e-01
9.330e-01  -1.87500e+00  7.39671e-01
9.335e-01  -1.88061e+00  7.39671e-01
9.340e-01  -1.88628e+00  7.39671e-01
9.345e-01  -1.89200e+00  7.39671e-01
9.350e-01  -1.89775e+00  7.39671e-01
9.355e-01  -1.90355e+00  7.39671e-01
9.360e-01  -1.90940e+00  7.39671e-01
9.365e-01  -1.91529e+00  7.39671e-01
9.370e-01  -1.92123e+00  7.39671e-01
9.375e-01  -1.92722e+00  7.39671e-01
9.380e-01  -1.93327e+00  7.39671e-01
9.385e-01  -1.93936e+00  7.39671e-01
9.390e-01  -1.94549e+00  7.39671e-01
9.395e-01  -1.95169e+00  7.39671e-01
9.400e-01  -1.95793e+00  7.39671e-01
9.405e-01  -1.96423e+00  7.39671e-01
9.410e-01  -1.97059e+00  7.39671e-01
9.415e-01  -1.97700e+00  7.39671e-01
9.420e-01  -1.98347e+00  7.39671e-01
9.425e-01  -1.99001e+00  7.39671e-01
9.430e-01  -1.99659e+00  7.39671e-01
9.435e-01  -2.00323e+00  7.39671e-01
9.440e-01  -2.00994e+00  7.39671e-01
9.445e-01  -2.01672e+00  7.39671e-01
9.450e-01  -2.02355e+00  7.39671e-01
9.455e-01  -2.03046e+00  7.39671e-01
9.460e-01  -2.03743e+00  7.39671e-01
9.465e-01  -2.04447e+00  7.39671e-01
9.470e-01  -2.05157e+00  7.39671e-01
9.475e-01  -2.05874e+00  7.39671e-01
9.480e-01  -2.06599e+00  7.39671e-01
9.485e-01  -2.07331e+00  7.39671e-01
9.490e-01  -2.08072e+00  7.39671e-01
9.495e-01  -2.08820e+00  7.39671e-01
9.500e-01  -2.09576e+00  7.39671e-01
9.505e-01  -2.10340e+00  7.39671e-01
9.510e-01  -2.11113e+00  7.39671e-01
9.515e-01  -2.11894e+00  7.39671e-01
9.520e-01  -2.12684e+00  7.39671e-01
9.525e-01  -2.13483e+00  7.39671e-01
9.530e-01  -2.14290e+00  7.39671e-01
9.535e-01  -2.15106e+00  7.39671e-01
9.540e-01  -2.15933e+00  7.39671e-01
9.545e-01  -2.16770e+00  7.39671e-01
9.550e-01  -2.17618e+00  7.39671e-01
9.555e-01  -2.18475e+00  7.39671e-01
9.560e-01  -2.19343e+00  7.39671e-01
9.565e-01  -2.20222e+00  7.39671e-01
9.570e-01  -2.21113e+00  7.39671e-01
9.575e-01  -2.22014e+00  7.39671e-01
9.580e-01  -2.22927e+00  7.39671e-01
9.585e-01  -2.23853e+00  7.39671e-01
9.590e-01  -2.24791e+00  7.39671e-01
9.595e-01  -2.25743e+00  7.39671e-01
9.600e-01  -2.26708e+00  7.39671e-01
9.605e-01  -2.27685e+00  7.39671e-01
9.610e-01  -2.28675e+00  7.39671e-01
9.615e-01  -2.29682e+00  7.39671e-01
9.620e-01  -2.30704e+00  7.39671e-01
9.625e-01  -2.31741e+00  7.39671e-01
9.630e-01  -2.32792e+00  7.39671e-01
9.635e-01  -2.33861e+00  7.39671e-01
9.640e-01  -2.34947e+00  7.39671e-01
9.645e-01  -2.36050e+00  7.39671e-01
9.650e-01  -2.37173e+00  7.39671e-01
9.655e-01  -2.38311e+00  7.39671e-01
9.660e-01  -2.39472e+00  7.39671e-01
9.665e-01  -2.40651e+00  7.39671e-01
9.670e-01  -2.41851e+00  7.39671e-01
9.675e-01  -2.43073e+00  7.39671e-01
9.680e-01  -2.44318e+00  7.39671e-01
9.685e-01  -2.45588e+00  7.39671e-01
9.690e-01  -2.46879e+00  7.39671e-01
9.695e-01  -2.48194e+00  7.39671e-01
9.700e-01  -2.49539e+00  7.39671e-01
9.705e-01  -2.50909e+00  7.39671e-01
9.710e-01  -2.52305e+00  7.39671e-01
9.715e-01  -2.53732e+00  7.39671e-01
9.720e-01  -2.55190e+00  7.39671e-01
9.725e-01  -2.56679e+00  7.39671e-01
9.730e-01  -2.58201e+00  7.39671e-01
9.735e-01  -2.59759e+00  7.39671e-01
9.740e-01  -2.61351e+00  7.39671e-01
9.745e-01  -2.62980e+00  7.39671e-01
9.750e-01  -2.64649e+00  7.39671e-01
9.755e-01  -2.66361e+00  7.39671e-01
9.760e-01  -2.68114e+00  7.39671e-01
9.765e-01  -2.69909e+00  7.39671e-01
9.770e-01  -2.71755e+00  7.39671e-01
9.775e-01  -2.73645e+00  7.39671e-01
9.780e-01  -2.75583e+00  7.39671e-01
9.785e-01  -2.77576e+00  7.39671e-01
9.790e-01  -2.79623e+00  7.39671e-01
9.795e-01  -2.81725e+00  7.39671e-01
9.800e-01  -2.83887e+00  7.39671e-01
9.805e-01  -2.86109e+00  7.39671e-01
9.810e-01  -2.88395e+00  7.39671e-01
9.815e-01  -2.90750e+00  7.39671e-01
9.820e-01  -2.93176e+00  7.39671e-01
9.825e-01  -2.95673e+00  7.39671e-01
9.830e-01  -2.98249e+00  7.39671e-01
9.835e-01  -3.00907e+00  7.39671e-01
9.840e-01  -3.03661e+00  7.39671e-01
9.845e-01  -3.06514e+00  7.39671e-01
9.850e-01  -3.09474e+00  7.39671e-01
9.855e-01  -3.12557e+00  7.39671e-01
9.860e-01  -3.15773e+00  7.39671e-01
9.865e-01  -3.19146e+00  7.39671e-01
9.870e-01  -3.22691e+00  7.39671e-01
9.875e-01  -3.26425e+00  7.39671e-01
9.880e-01  -3.30379e+00  7.39671e-01
9.885e-01  -3.34582e+00  7.39671e-01
9.890e-01  -3.39068e+00  7.39671e-01
9.895e-01  -3.43874e+00  7.39671e-01
9.900e-01  -3.49026e+00  7.39671e-01
9.905e-01  -3.54584e+00  7.39671e-01
9.910e-01  -3.60594e+00  7.39671e-01
9.915e-01  -3.67085e+00  7.39671e-01
9.920e-01  -3.74124e+00  7.39671e-01
9.925e-01  -3.81767e+00  7.39671e-01
9.930e-01  -3.90071e+00  7.39671e-01
9.935e-01  -3.99139e+00  7.39671e-01
9.940e-01  -4.09061e+00  7.39671e-01
9.945e-01  -4.19958e+00  7.39671e-01
9.950e-01  -4.31934e+00  7.39671e-01
9.955e-01  -4.45241e+00  7.39671e-01
9.960e-01  -4.59975e+00  7.39671e-01
9.965e-01  -4.76429e+00  7.39671e-01
9.970e-01  -4.94828e+00  7.39671e-01
9.975e-01  -5.15512e+00  7.39671e-01
9.980e-01  -5.38961e+00  7.39671e-01
9.985e-01  -5.65719e+00  7.39671e-01
9.990e-01  -5.96738e+00  7.39671e-01
9.995e-01  -6.33223e+00  7.39671e-01
1.000e+00  -6.76810e+00  7.39671e-01
