# Magnus solar model BP2000
#
# Reference:  J. N. Bahcall, M. H. Pinsonneault and S. Basu, "Solar models: current epoch and time dependences, neutrinos, and helioseismological properties", ApJ 555, 990 (2001), doi:10.1086/321493, astro-ph/0010346
# Source:     https://www.sns.ias.edu/~jnb/SNdata/Export/BP2000/bp2000stdmodel.dat
# Original:   bp2000stdmodel.dat
# Retrieved:  2026-09-23
# SHA-256:    b84751e0f7008e6252df2e989b02827b2081d7652050296e0bb5c633a2ec9c14 (of bp2000stdmodel.dat)
# Terms:      "The files accessible here are available for general use. I would appreciate a note at your convenience telling me how you are using them." (J. N. Bahcall, https://www.sns.ias.edu/~jnb/SNdata/sndata.html)
# Modified:   columns extracted only -- radius [R_sun], rho_g_per_cm3, hydrogen mass fraction X --
#             each value copied from the original as written; nothing recomputed or rounded.
#             Built by tools/build_solar_model_tables.py.
# density_column: rho_g_per_cm3
#
# The original header follows, as the authors wrote it:
#
#   Standard Solar Model (BP2000)
#
#   astro-ph/0010346
#
#   Columns in the Standard Model table (below) represent:
#
#   1)  Mass fraction in units of the solar mass
#   2)  Radius of the zone in units of one solar radius
#   3)  Temperature in units of deg (K)
#   4)  Density in units of g/cm^3
#   5)  Pressure in units of dyn/cm^2
#   6)  Luminosity fraction in units of the solar luminosity
#   7)  X(^1H): the hydrogen mass fraction
#   8)  X(^4He): the helium 4 mass fraction
#   9)  X(^3He): the helium 3 mass fraction
#   10) X(^12C): the carbon 12 mass fraction
#   11) X(^14N): the nitrogen 14 mass fraction
#   12) X(^16O): the oxygen 16 mass fraction
#
#   The Table begins here.
#
#
#    M/Msun    R/Rsun      T         Rho        P        L/Lsun     X,       Y        He3       C12       N14       O16
#
# r_over_r_sun  rho_g_per_cm3  x_hydrogen
0.00650  1.524E+02  0.33973
0.00661  1.524E+02  0.33977
0.00671  1.524E+02  0.33981
0.00681  1.524E+02  0.33986
0.00692  1.524E+02  0.33991
0.00702  1.524E+02  0.33995
0.00713  1.523E+02  0.34000
0.00724  1.523E+02  0.34005
0.00735  1.523E+02  0.34011
0.00747  1.523E+02  0.34016
0.00758  1.523E+02  0.34022
0.00770  1.522E+02  0.34028
0.00782  1.522E+02  0.34033
0.00794  1.522E+02  0.34040
0.00807  1.522E+02  0.34046
0.00819  1.522E+02  0.34053
0.00832  1.521E+02  0.34059
0.00845  1.521E+02  0.34066
0.00858  1.521E+02  0.34073
0.00871  1.520E+02  0.34081
0.00884  1.520E+02  0.34088
0.00898  1.520E+02  0.34096
0.00912  1.520E+02  0.34104
0.00926  1.519E+02  0.34113
0.00941  1.519E+02  0.34121
0.00955  1.519E+02  0.34130
0.00970  1.518E+02  0.34140
0.00985  1.518E+02  0.34149
0.01000  1.518E+02  0.34159
0.01016  1.517E+02  0.34169
0.01032  1.517E+02  0.34179
0.01048  1.516E+02  0.34190
0.01064  1.516E+02  0.34201
0.01080  1.516E+02  0.34212
0.01097  1.515E+02  0.34224
0.01114  1.515E+02  0.34236
0.01131  1.514E+02  0.34248
0.01149  1.514E+02  0.34261
0.01167  1.513E+02  0.34274
0.01185  1.513E+02  0.34288
0.01203  1.512E+02  0.34302
0.01222  1.512E+02  0.34316
0.01241  1.511E+02  0.34331
0.01260  1.511E+02  0.34347
0.01280  1.510E+02  0.34363
0.01300  1.509E+02  0.34379
0.01320  1.509E+02  0.34396
0.01341  1.508E+02  0.34413
0.01362  1.508E+02  0.34431
0.01383  1.507E+02  0.34450
0.01404  1.506E+02  0.34469
0.01426  1.505E+02  0.34488
0.01448  1.505E+02  0.34509
0.01471  1.504E+02  0.34530
0.01494  1.503E+02  0.34551
0.01517  1.502E+02  0.34573
0.01541  1.501E+02  0.34596
0.01565  1.501E+02  0.34620
0.01589  1.500E+02  0.34644
0.01614  1.499E+02  0.34669
0.01639  1.498E+02  0.34695
0.01665  1.497E+02  0.34721
0.01691  1.496E+02  0.34749
0.01717  1.495E+02  0.34777
0.01744  1.494E+02  0.34806
0.01771  1.493E+02  0.34836
0.01799  1.492E+02  0.34867
0.01827  1.490E+02  0.34899
0.01855  1.489E+02  0.34931
0.01884  1.488E+02  0.34965
0.01914  1.487E+02  0.35000
0.01944  1.485E+02  0.35036
0.01974  1.484E+02  0.35073
0.02005  1.483E+02  0.35111
0.02036  1.481E+02  0.35150
0.02068  1.480E+02  0.35191
0.02101  1.478E+02  0.35233
0.02134  1.477E+02  0.35276
0.02167  1.475E+02  0.35320
0.02201  1.473E+02  0.35365
0.02236  1.472E+02  0.35412
0.02271  1.470E+02  0.35461
0.02307  1.468E+02  0.35511
0.02343  1.466E+02  0.35562
0.02380  1.464E+02  0.35615
0.02417  1.462E+02  0.35669
0.02455  1.460E+02  0.35726
0.02494  1.458E+02  0.35783
0.02533  1.456E+02  0.35843
0.02573  1.454E+02  0.35904
0.02614  1.452E+02  0.35968
0.02655  1.449E+02  0.36033
0.02697  1.447E+02  0.36100
0.02740  1.444E+02  0.36169
0.02783  1.442E+02  0.36240
0.02827  1.439E+02  0.36313
0.02872  1.437E+02  0.36388
0.02918  1.434E+02  0.36466
0.02964  1.431E+02  0.36545
0.03011  1.428E+02  0.36628
0.03059  1.425E+02  0.36712
0.03108  1.422E+02  0.36799
0.03157  1.419E+02  0.36889
0.03208  1.415E+02  0.36981
0.03259  1.412E+02  0.37076
0.03311  1.409E+02  0.37174
0.03364  1.405E+02  0.37274
0.03418  1.401E+02  0.37378
0.03473  1.398E+02  0.37484
0.03528  1.394E+02  0.37594
0.03585  1.390E+02  0.37707
0.03643  1.386E+02  0.37822
0.03701  1.382E+02  0.37942
0.03761  1.377E+02  0.38064
0.03821  1.373E+02  0.38190
0.03883  1.369E+02  0.38320
0.03946  1.364E+02  0.38453
0.04010  1.359E+02  0.38591
0.04075  1.354E+02  0.38732
0.04141  1.349E+02  0.38876
0.04209  1.344E+02  0.39025
0.04277  1.339E+02  0.39178
0.04347  1.334E+02  0.39336
0.04418  1.328E+02  0.39497
0.04490  1.322E+02  0.39664
0.04564  1.317E+02  0.39834
0.04639  1.311E+02  0.40009
0.04715  1.305E+02  0.40190
0.04793  1.298E+02  0.40374
0.04872  1.292E+02  0.40564
0.04952  1.285E+02  0.40759
0.05034  1.279E+02  0.40959
0.05118  1.272E+02  0.41165
0.05203  1.265E+02  0.41375
0.05290  1.258E+02  0.41591
0.05378  1.250E+02  0.41813
0.05468  1.243E+02  0.42041
0.05557  1.235E+02  0.42267
0.05645  1.228E+02  0.42490
0.05731  1.221E+02  0.42711
0.05815  1.214E+02  0.42929
0.05898  1.207E+02  0.43144
0.05980  1.200E+02  0.43358
0.06061  1.193E+02  0.43569
0.06141  1.186E+02  0.43778
0.06219  1.180E+02  0.43985
0.06297  1.173E+02  0.44190
0.06374  1.167E+02  0.44394
0.06450  1.160E+02  0.44595
0.06525  1.154E+02  0.44795
0.06599  1.147E+02  0.44993
0.06673  1.141E+02  0.45190
0.06746  1.135E+02  0.45385
0.06818  1.129E+02  0.45578
0.06890  1.123E+02  0.45770
0.06961  1.117E+02  0.45961
0.07032  1.111E+02  0.46151
0.07102  1.105E+02  0.46339
0.07171  1.099E+02  0.46526
0.07241  1.093E+02  0.46712
0.07309  1.087E+02  0.46896
0.07377  1.082E+02  0.47079
0.07445  1.076E+02  0.47262
0.07513  1.070E+02  0.47443
0.07580  1.065E+02  0.47623
0.07647  1.059E+02  0.47802
0.07713  1.054E+02  0.47981
0.07779  1.048E+02  0.48158
0.07845  1.043E+02  0.48334
0.07911  1.037E+02  0.48510
0.07976  1.032E+02  0.48684
0.08041  1.027E+02  0.48858
0.08106  1.021E+02  0.49031
0.08171  1.016E+02  0.49203
0.08235  1.011E+02  0.49374
0.08299  1.006E+02  0.49544
0.08363  1.000E+02  0.49714
0.08427  9.952E+01  0.49883
0.08491  9.900E+01  0.50051
0.08555  9.849E+01  0.50219
0.08618  9.798E+01  0.50386
0.08682  9.748E+01  0.50552
0.08745  9.697E+01  0.50717
0.08808  9.647E+01  0.50882
0.08872  9.597E+01  0.51046
0.08935  9.547E+01  0.51210
0.08998  9.498E+01  0.51373
0.09061  9.448E+01  0.51535
0.09124  9.399E+01  0.51697
0.09186  9.350E+01  0.51858
0.09249  9.302E+01  0.52019
0.09312  9.253E+01  0.52179
0.09375  9.205E+01  0.52339
0.09438  9.156E+01  0.52498
0.09501  9.108E+01  0.52656
0.09564  9.060E+01  0.52814
0.09627  9.013E+01  0.52972
0.09690  8.965E+01  0.53129
0.09753  8.918E+01  0.53286
0.09816  8.870E+01  0.53442
0.09879  8.823E+01  0.53598
0.09943  8.776E+01  0.53753
0.10006  8.729E+01  0.53908
0.10070  8.682E+01  0.54062
0.10133  8.635E+01  0.54216
0.10197  8.589E+01  0.54370
0.10261  8.542E+01  0.54523
0.10325  8.496E+01  0.54676
0.10389  8.449E+01  0.54829
0.10453  8.403E+01  0.54981
0.10518  8.357E+01  0.55132
0.10582  8.311E+01  0.55284
0.10647  8.265E+01  0.55435
0.10712  8.219E+01  0.55585
0.10777  8.173E+01  0.55736
0.10843  8.127E+01  0.55886
0.10909  8.081E+01  0.56036
0.10975  8.035E+01  0.56185
0.11041  7.989E+01  0.56334
0.11107  7.944E+01  0.56483
0.11174  7.898E+01  0.56632
0.11241  7.852E+01  0.56780
0.11308  7.807E+01  0.56928
0.11376  7.761E+01  0.57076
0.11444  7.715E+01  0.57223
0.11512  7.670E+01  0.57371
0.11580  7.624E+01  0.57517
0.11649  7.578E+01  0.57664
0.11719  7.533E+01  0.57811
0.11788  7.487E+01  0.57957
0.11858  7.441E+01  0.58103
0.11929  7.396E+01  0.58249
0.12000  7.350E+01  0.58395
0.12071  7.304E+01  0.58540
0.12143  7.258E+01  0.58686
0.12215  7.212E+01  0.58831
0.12288  7.166E+01  0.58976
0.12361  7.120E+01  0.59121
0.12435  7.074E+01  0.59265
0.12509  7.028E+01  0.59410
0.12584  6.981E+01  0.59554
0.12660  6.935E+01  0.59698
0.12736  6.888E+01  0.59843
0.12813  6.842E+01  0.59987
0.12890  6.795E+01  0.60130
0.12968  6.748E+01  0.60274
0.13047  6.701E+01  0.60418
0.13126  6.654E+01  0.60562
0.13206  6.607E+01  0.60705
0.13287  6.559E+01  0.60848
0.13369  6.512E+01  0.60992
0.13452  6.464E+01  0.61135
0.13535  6.416E+01  0.61278
0.13619  6.367E+01  0.61421
0.13705  6.319E+01  0.61565
0.13791  6.270E+01  0.61708
0.13878  6.221E+01  0.61851
0.13966  6.172E+01  0.61994
0.14056  6.123E+01  0.62137
0.14146  6.073E+01  0.62280
0.14238  6.023E+01  0.62423
0.14330  5.973E+01  0.62566
0.14424  5.922E+01  0.62710
0.14520  5.871E+01  0.62853
0.14616  5.820E+01  0.62996
0.14714  5.769E+01  0.63139
0.14814  5.717E+01  0.63283
0.14915  5.664E+01  0.63426
0.15018  5.611E+01  0.63570
0.15122  5.558E+01  0.63714
0.15228  5.504E+01  0.63858
0.15336  5.450E+01  0.64002
0.15446  5.396E+01  0.64147
0.15558  5.340E+01  0.64291
0.15671  5.285E+01  0.64436
0.15788  5.228E+01  0.64581
0.15906  5.171E+01  0.64727
0.16027  5.114E+01  0.64872
0.16151  5.055E+01  0.65019
0.16278  4.996E+01  0.65165
0.16407  4.936E+01  0.65312
0.16540  4.875E+01  0.65459
0.16676  4.814E+01  0.65607
0.16816  4.751E+01  0.65755
0.16959  4.687E+01  0.65904
0.17107  4.622E+01  0.66053
0.17260  4.556E+01  0.66202
0.17417  4.489E+01  0.66353
0.17580  4.420E+01  0.66504
0.17748  4.350E+01  0.66655
0.17922  4.278E+01  0.66807
0.18104  4.205E+01  0.66960
0.18289  4.130E+01  0.67111
0.18474  4.057E+01  0.67257
0.18659  3.986E+01  0.67396
0.18842  3.916E+01  0.67531
0.19025  3.847E+01  0.67660
0.19207  3.779E+01  0.67784
0.19388  3.713E+01  0.67903
0.19569  3.647E+01  0.68018
0.19749  3.583E+01  0.68128
0.19928  3.520E+01  0.68233
0.20107  3.459E+01  0.68335
0.20285  3.398E+01  0.68433
0.20463  3.338E+01  0.68527
0.20640  3.280E+01  0.68617
0.20817  3.222E+01  0.68704
0.20993  3.166E+01  0.68787
0.21168  3.110E+01  0.68867
0.21343  3.056E+01  0.68945
0.21517  3.002E+01  0.69019
0.21691  2.949E+01  0.69090
0.21865  2.898E+01  0.69158
0.22038  2.847E+01  0.69224
0.22211  2.797E+01  0.69287
0.22383  2.748E+01  0.69348
0.22555  2.699E+01  0.69406
0.22726  2.652E+01  0.69462
0.22897  2.605E+01  0.69516
0.23068  2.559E+01  0.69568
0.23238  2.514E+01  0.69618
0.23408  2.470E+01  0.69666
0.23577  2.427E+01  0.69712
0.23746  2.384E+01  0.69756
0.23915  2.342E+01  0.69798
0.24084  2.301E+01  0.69839
0.24252  2.260E+01  0.69878
0.24420  2.220E+01  0.69916
0.24588  2.181E+01  0.69952
0.24755  2.142E+01  0.69986
0.24922  2.104E+01  0.70020
0.25089  2.067E+01  0.70051
0.25256  2.030E+01  0.70082
0.25422  1.994E+01  0.70111
0.25588  1.959E+01  0.70140
0.25754  1.924E+01  0.70167
0.25920  1.890E+01  0.70193
0.26085  1.857E+01  0.70218
0.26251  1.824E+01  0.70242
0.26416  1.791E+01  0.70265
0.26581  1.759E+01  0.70287
0.26745  1.728E+01  0.70308
0.26910  1.697E+01  0.70329
0.27074  1.667E+01  0.70349
0.27239  1.637E+01  0.70368
0.27403  1.608E+01  0.70387
0.27567  1.579E+01  0.70406
0.27731  1.551E+01  0.70424
0.27895  1.523E+01  0.70442
0.28058  1.496E+01  0.70460
0.28222  1.469E+01  0.70478
0.28385  1.443E+01  0.70496
0.28549  1.417E+01  0.70513
0.28712  1.391E+01  0.70531
0.28875  1.366E+01  0.70548
0.29038  1.342E+01  0.70565
0.29201  1.318E+01  0.70583
0.29364  1.294E+01  0.70599
0.29527  1.271E+01  0.70616
0.29690  1.248E+01  0.70633
0.29853  1.225E+01  0.70649
0.30016  1.203E+01  0.70665
0.30179  1.181E+01  0.70681
0.30342  1.160E+01  0.70697
0.30504  1.139E+01  0.70712
0.30667  1.118E+01  0.70727
0.30830  1.098E+01  0.70742
0.30993  1.078E+01  0.70756
0.31155  1.059E+01  0.70770
0.31318  1.039E+01  0.70784
0.31481  1.021E+01  0.70797
0.31644  1.002E+01  0.70810
0.31807  9.839E+00  0.70823
0.31969  9.660E+00  0.70835
0.32132  9.484E+00  0.70848
0.32295  9.312E+00  0.70860
0.32458  9.142E+00  0.70871
0.32621  8.976E+00  0.70883
0.32784  8.812E+00  0.70894
0.32948  8.652E+00  0.70905
0.33111  8.494E+00  0.70915
0.33274  8.339E+00  0.70926
0.33437  8.187E+00  0.70936
0.33601  8.038E+00  0.70946
0.33764  7.891E+00  0.70956
0.33928  7.747E+00  0.70966
0.34091  7.605E+00  0.70975
0.34255  7.466E+00  0.70984
0.34419  7.330E+00  0.70993
0.34583  7.196E+00  0.71002
0.34747  7.064E+00  0.71011
0.34911  6.935E+00  0.71020
0.35075  6.808E+00  0.71028
0.35240  6.683E+00  0.71036
0.35404  6.561E+00  0.71045
0.35569  6.440E+00  0.71053
0.35733  6.322E+00  0.71060
0.35898  6.206E+00  0.71068
0.36063  6.092E+00  0.71076
0.36228  5.981E+00  0.71083
0.36393  5.871E+00  0.71091
0.36559  5.763E+00  0.71098
0.36724  5.657E+00  0.71105
0.36890  5.553E+00  0.71112
0.37055  5.451E+00  0.71119
0.37221  5.351E+00  0.71126
0.37387  5.252E+00  0.71133
0.37554  5.156E+00  0.71139
0.37720  5.061E+00  0.71146
0.37887  4.968E+00  0.71153
0.38053  4.876E+00  0.71159
0.38220  4.786E+00  0.71165
0.38387  4.698E+00  0.71172
0.38554  4.612E+00  0.71178
0.38722  4.527E+00  0.71184
0.38889  4.443E+00  0.71190
0.39057  4.361E+00  0.71196
0.39225  4.281E+00  0.71202
0.39393  4.202E+00  0.71208
0.39561  4.125E+00  0.71214
0.39730  4.048E+00  0.71220
0.39898  3.974E+00  0.71226
0.40067  3.900E+00  0.71231
0.40236  3.828E+00  0.71237
0.40405  3.758E+00  0.71243
0.40575  3.688E+00  0.71248
0.40744  3.620E+00  0.71254
0.40914  3.553E+00  0.71260
0.41084  3.488E+00  0.71265
0.41254  3.423E+00  0.71271
0.41425  3.360E+00  0.71276
0.41595  3.298E+00  0.71281
0.41766  3.237E+00  0.71287
0.41937  3.177E+00  0.71292
0.42109  3.118E+00  0.71297
0.42280  3.060E+00  0.71303
0.42452  3.004E+00  0.71308
0.42624  2.948E+00  0.71313
0.42796  2.894E+00  0.71318
0.42968  2.840E+00  0.71323
0.43141  2.788E+00  0.71328
0.43314  2.736E+00  0.71333
0.43487  2.685E+00  0.71338
0.43660  2.636E+00  0.71343
0.43834  2.587E+00  0.71348
0.44008  2.539E+00  0.71353
0.44182  2.492E+00  0.71358
0.44356  2.446E+00  0.71363
0.44530  2.400E+00  0.71368
0.44705  2.356E+00  0.71373
0.44880  2.312E+00  0.71378
0.45055  2.270E+00  0.71383
0.45231  2.227E+00  0.71388
0.45406  2.186E+00  0.71392
0.45582  2.146E+00  0.71397
0.45758  2.106E+00  0.71402
0.45935  2.067E+00  0.71407
0.46112  2.029E+00  0.71412
0.46289  1.991E+00  0.71416
0.46466  1.954E+00  0.71421
0.46643  1.918E+00  0.71426
0.46821  1.882E+00  0.71431
0.46999  1.848E+00  0.71435
0.47177  1.813E+00  0.71440
0.47355  1.780E+00  0.71445
0.47534  1.747E+00  0.71450
0.47713  1.714E+00  0.71454
0.47892  1.683E+00  0.71459
0.48072  1.651E+00  0.71464
0.48251  1.621E+00  0.71468
0.48431  1.591E+00  0.71473
0.48612  1.561E+00  0.71478
0.48792  1.532E+00  0.71482
0.48973  1.504E+00  0.71487
0.49154  1.476E+00  0.71491
0.49335  1.449E+00  0.71496
0.49517  1.422E+00  0.71501
0.49699  1.396E+00  0.71505
0.49881  1.370E+00  0.71510
0.50063  1.345E+00  0.71515
0.50246  1.320E+00  0.71519
0.50428  1.295E+00  0.71524
0.50611  1.271E+00  0.71528
0.50795  1.248E+00  0.71533
0.50978  1.225E+00  0.71538
0.51162  1.202E+00  0.71542
0.51346  1.180E+00  0.71547
0.51531  1.158E+00  0.71552
0.51716  1.137E+00  0.71556
0.51900  1.116E+00  0.71561
0.52086  1.095E+00  0.71566
0.52271  1.075E+00  0.71570
0.52457  1.055E+00  0.71575
0.52643  1.036E+00  0.71580
0.52829  1.016E+00  0.71584
0.53015  9.977E-01  0.71589
0.53202  9.793E-01  0.71593
0.53389  9.613E-01  0.71598
0.53576  9.436E-01  0.71603
0.53764  9.262E-01  0.71607
0.53952  9.091E-01  0.71612
0.54139  8.924E-01  0.71616
0.54328  8.760E-01  0.71621
0.54516  8.598E-01  0.71625
0.54705  8.440E-01  0.71630
0.54894  8.285E-01  0.71634
0.55083  8.133E-01  0.71638
0.55273  7.983E-01  0.71643
0.55462  7.837E-01  0.71647
0.55652  7.693E-01  0.71652
0.55842  7.552E-01  0.71656
0.56033  7.413E-01  0.71660
0.56223  7.278E-01  0.71664
0.56414  7.144E-01  0.71669
0.56605  7.014E-01  0.71673
0.56797  6.885E-01  0.71677
0.56988  6.759E-01  0.71681
0.57180  6.636E-01  0.71685
0.57372  6.515E-01  0.71689
0.57564  6.396E-01  0.71693
0.57757  6.279E-01  0.71697
0.57949  6.165E-01  0.71700
0.58142  6.052E-01  0.71704
0.58335  5.942E-01  0.71708
0.58528  5.834E-01  0.71711
0.58722  5.728E-01  0.71714
0.58915  5.624E-01  0.71718
0.59109  5.522E-01  0.71721
0.59303  5.422E-01  0.71724
0.59497  5.324E-01  0.71727
0.59692  5.227E-01  0.71730
0.59886  5.133E-01  0.71733
0.60081  5.040E-01  0.71735
0.60276  4.949E-01  0.71738
0.60471  4.860E-01  0.71740
0.60666  4.773E-01  0.71743
0.60861  4.687E-01  0.71745
0.61057  4.603E-01  0.71747
0.61252  4.520E-01  0.71750
0.61448  4.439E-01  0.71752
0.61644  4.360E-01  0.71754
0.61840  4.282E-01  0.71757
0.62036  4.205E-01  0.71760
0.62232  4.130E-01  0.71762
0.62428  4.057E-01  0.71765
0.62625  3.985E-01  0.71769
0.62821  3.914E-01  0.71772
0.63018  3.844E-01  0.71777
0.63214  3.776E-01  0.71781
0.63411  3.710E-01  0.71787
0.63608  3.644E-01  0.71793
0.63805  3.580E-01  0.71800
0.64001  3.517E-01  0.71808
0.64198  3.455E-01  0.71818
0.64395  3.395E-01  0.71828
0.64592  3.335E-01  0.71840
0.64789  3.277E-01  0.71854
0.64986  3.220E-01  0.71870
0.65183  3.164E-01  0.71887
0.65380  3.109E-01  0.71907
0.65577  3.055E-01  0.71929
0.65774  3.002E-01  0.71954
0.65971  2.951E-01  0.71982
0.66168  2.900E-01  0.72013
0.66364  2.850E-01  0.72047
0.66561  2.802E-01  0.72084
0.66757  2.754E-01  0.72125
0.66954  2.707E-01  0.72169
0.67150  2.661E-01  0.72216
0.67346  2.616E-01  0.72266
0.67542  2.572E-01  0.72319
0.67738  2.529E-01  0.72374
0.67934  2.487E-01  0.72431
0.68129  2.445E-01  0.72491
0.68325  2.405E-01  0.72554
0.68520  2.365E-01  0.72619
0.68715  2.326E-01  0.72687
0.68909  2.288E-01  0.72757
0.69104  2.250E-01  0.72830
0.69298  2.214E-01  0.72906
0.69464  2.183E-01  0.72973
0.69512  2.174E-01  0.72994
0.69561  2.166E-01  0.73014
0.69609  2.157E-01  0.73034
0.69657  2.148E-01  0.73055
0.69705  2.140E-01  0.73075
0.69754  2.131E-01  0.73096
0.69802  2.122E-01  0.73117
0.69850  2.114E-01  0.73139
0.69898  2.106E-01  0.73160
0.69946  2.097E-01  0.73182
0.69994  2.089E-01  0.73204
0.70042  2.081E-01  0.73226
0.70091  2.072E-01  0.73248
0.70139  2.064E-01  0.73270
0.70187  2.056E-01  0.73293
0.70235  2.048E-01  0.73316
0.70283  2.040E-01  0.73339
0.70330  2.032E-01  0.73362
0.70378  2.024E-01  0.73385
0.70426  2.016E-01  0.73409
0.70474  2.008E-01  0.73433
0.70522  2.000E-01  0.73457
0.70570  1.993E-01  0.73481
0.70617  1.985E-01  0.73506
0.70665  1.977E-01  0.73530
0.70713  1.970E-01  0.73555
0.70760  1.962E-01  0.73580
0.70808  1.955E-01  0.73606
0.70856  1.947E-01  0.73631
0.70903  1.940E-01  0.73657
0.70951  1.933E-01  0.73683
0.70998  1.925E-01  0.73709
0.71046  1.918E-01  0.73735
0.71093  1.911E-01  0.73762
0.71141  1.904E-01  0.73789
0.71188  1.897E-01  0.73816
0.71235  1.890E-01  0.73843
0.71282  1.883E-01  0.73870
0.71330  1.876E-01  0.73898
0.71377  1.869E-01  0.73925
0.71424  1.862E-01  0.73925
0.71471  1.856E-01  0.73925
0.71518  1.849E-01  0.73925
0.71565  1.843E-01  0.73925
0.71612  1.837E-01  0.73925
0.71659  1.830E-01  0.73925
0.71706  1.824E-01  0.73925
0.71753  1.818E-01  0.73925
0.71800  1.811E-01  0.73925
0.71847  1.805E-01  0.73925
0.71893  1.799E-01  0.73925
0.71940  1.793E-01  0.73925
0.71987  1.786E-01  0.73925
0.72033  1.780E-01  0.73925
0.72080  1.774E-01  0.73925
0.72126  1.768E-01  0.73925
0.72172  1.762E-01  0.73925
0.72219  1.756E-01  0.73925
0.72265  1.750E-01  0.73925
0.72311  1.744E-01  0.73925
0.72357  1.738E-01  0.73925
0.72404  1.732E-01  0.73925
0.72450  1.726E-01  0.73925
0.72496  1.720E-01  0.73925
0.72542  1.714E-01  0.73925
0.72588  1.708E-01  0.73925
0.72634  1.702E-01  0.73925
0.72679  1.696E-01  0.73925
0.72725  1.690E-01  0.73925
0.72771  1.684E-01  0.73925
0.72816  1.679E-01  0.73925
0.72862  1.673E-01  0.73925
0.72908  1.667E-01  0.73925
0.72953  1.661E-01  0.73925
0.72999  1.655E-01  0.73925
0.73044  1.650E-01  0.73925
0.73089  1.644E-01  0.73925
0.73270  1.621E-01  0.73925
0.73450  1.599E-01  0.73925
0.73629  1.577E-01  0.73925
0.73808  1.556E-01  0.73925
0.73985  1.534E-01  0.73925
0.74162  1.513E-01  0.73925
0.74338  1.492E-01  0.73925
0.74513  1.472E-01  0.73925
0.74687  1.451E-01  0.73925
0.74860  1.432E-01  0.73925
0.75033  1.412E-01  0.73925
0.75204  1.392E-01  0.73925
0.75375  1.373E-01  0.73925
0.75545  1.354E-01  0.73925
0.75714  1.336E-01  0.73925
0.75882  1.317E-01  0.73925
0.76050  1.299E-01  0.73925
0.76216  1.281E-01  0.73925
0.76382  1.264E-01  0.73925
0.76547  1.246E-01  0.73925
0.76711  1.229E-01  0.73925
0.76874  1.212E-01  0.73925
0.77036  1.196E-01  0.73925
0.77198  1.179E-01  0.73925
0.77358  1.163E-01  0.73925
0.77518  1.147E-01  0.73925
0.77677  1.131E-01  0.73925
0.77835  1.116E-01  0.73925
0.77992  1.100E-01  0.73925
0.78148  1.085E-01  0.73925
0.78304  1.070E-01  0.73925
0.78458  1.056E-01  0.73925
0.78612  1.041E-01  0.73925
0.78765  1.027E-01  0.73925
0.78917  1.013E-01  0.73925
0.79068  9.988E-02  0.73925
0.79219  9.851E-02  0.73925
0.79368  9.716E-02  0.73925
0.79517  9.582E-02  0.73925
0.79665  9.450E-02  0.73925
0.79812  9.320E-02  0.73925
0.79958  9.192E-02  0.73925
0.80103  9.066E-02  0.73925
0.80248  8.941E-02  0.73925
0.80392  8.818E-02  0.73925
0.80535  8.697E-02  0.73925
0.80677  8.578E-02  0.73925
0.80818  8.460E-02  0.73925
0.80958  8.343E-02  0.73925
0.81098  8.229E-02  0.73925
0.81236  8.116E-02  0.73925
0.81374  8.004E-02  0.73925
0.81511  7.894E-02  0.73925
0.81648  7.786E-02  0.73925
0.81783  7.679E-02  0.73925
0.81918  7.574E-02  0.73925
0.82051  7.470E-02  0.73925
0.82184  7.367E-02  0.73925
0.82316  7.266E-02  0.73925
0.82448  7.166E-02  0.73925
0.82578  7.068E-02  0.73925
0.82708  6.970E-02  0.73925
0.82837  6.875E-02  0.73925
0.82965  6.780E-02  0.73925
0.83092  6.687E-02  0.73925
0.83219  6.595E-02  0.73925
0.83345  6.505E-02  0.73925
0.83470  6.415E-02  0.73925
0.83594  6.327E-02  0.73925
0.83717  6.240E-02  0.73925
0.83840  6.155E-02  0.73925
0.83961  6.070E-02  0.73925
0.84082  5.987E-02  0.73925
0.84203  5.904E-02  0.73925
0.84322  5.823E-02  0.73925
0.84441  5.744E-02  0.73925
0.84559  5.665E-02  0.73925
0.84676  5.587E-02  0.73925
0.84792  5.510E-02  0.73925
0.84908  5.435E-02  0.73925
0.85023  5.360E-02  0.73925
0.85137  5.286E-02  0.73925
0.85250  5.214E-02  0.73925
0.85363  5.142E-02  0.73925
0.85474  5.071E-02  0.73925
0.85586  5.002E-02  0.73925
0.85696  4.933E-02  0.73925
0.85805  4.865E-02  0.73925
0.85914  4.799E-02  0.73925
0.86022  4.733E-02  0.73925
0.86130  4.668E-02  0.73925
0.86237  4.604E-02  0.73925
0.86343  4.541E-02  0.73925
0.86448  4.478E-02  0.73925
0.86552  4.417E-02  0.73925
0.86656  4.356E-02  0.73925
0.86759  4.297E-02  0.73925
0.86861  4.238E-02  0.73925
0.86963  4.180E-02  0.73925
0.87064  4.122E-02  0.73925
0.87164  4.066E-02  0.73925
0.87264  4.010E-02  0.73925
0.87363  3.955E-02  0.73925
0.87461  3.901E-02  0.73925
0.87558  3.847E-02  0.73925
0.87655  3.795E-02  0.73925
0.87751  3.742E-02  0.73925
0.87846  3.691E-02  0.73925
0.87941  3.640E-02  0.73925
0.88035  3.590E-02  0.73925
0.88129  3.541E-02  0.73925
0.88221  3.493E-02  0.73925
0.88313  3.445E-02  0.73925
0.88405  3.397E-02  0.73925
0.88496  3.351E-02  0.73925
0.88586  3.305E-02  0.73925
0.88675  3.259E-02  0.73925
0.88764  3.215E-02  0.73925
0.88852  3.170E-02  0.73925
0.88940  3.127E-02  0.73925
0.89026  3.084E-02  0.73925
0.89113  3.042E-02  0.73925
0.89198  3.000E-02  0.73925
0.89283  2.959E-02  0.73925
0.89368  2.918E-02  0.73925
0.89451  2.878E-02  0.73925
0.89534  2.839E-02  0.73925
0.89617  2.800E-02  0.73925
0.89699  2.761E-02  0.73925
0.89780  2.724E-02  0.73925
0.89861  2.686E-02  0.73925
0.89941  2.650E-02  0.73925
0.90020  2.613E-02  0.73925
0.90099  2.577E-02  0.73925
0.90178  2.542E-02  0.73925
0.90255  2.507E-02  0.73925
0.90332  2.473E-02  0.73925
0.90409  2.439E-02  0.73925
0.90485  2.405E-02  0.73925
0.90560  2.372E-02  0.73925
0.90635  2.340E-02  0.73925
0.90709  2.308E-02  0.73925
0.90783  2.276E-02  0.73925
0.90856  2.245E-02  0.73925
0.90929  2.214E-02  0.73925
0.91001  2.184E-02  0.73925
0.91072  2.154E-02  0.73925
0.91143  2.124E-02  0.73925
0.91214  2.095E-02  0.73925
0.91283  2.066E-02  0.73925
0.91353  2.038E-02  0.73925
0.91421  2.010E-02  0.73925
0.91490  1.983E-02  0.73925
0.91557  1.956E-02  0.73925
0.91625  1.929E-02  0.73925
0.91691  1.902E-02  0.73925
0.91757  1.876E-02  0.73925
0.91823  1.850E-02  0.73925
0.91888  1.825E-02  0.73925
0.91953  1.800E-02  0.73925
0.92017  1.775E-02  0.73925
0.92080  1.751E-02  0.73925
0.92143  1.727E-02  0.73925
0.92206  1.703E-02  0.73925
0.92268  1.680E-02  0.73925
0.92330  1.657E-02  0.73925
0.92391  1.634E-02  0.73925
0.92452  1.611E-02  0.73925
0.92512  1.589E-02  0.73925
0.92572  1.568E-02  0.73925
0.92631  1.546E-02  0.73925
0.92690  1.525E-02  0.73925
0.92748  1.504E-02  0.73925
0.92806  1.483E-02  0.73925
0.92863  1.463E-02  0.73925
0.92920  1.443E-02  0.73925
0.92976  1.423E-02  0.73925
0.93032  1.404E-02  0.73925
0.93088  1.385E-02  0.73925
0.93143  1.366E-02  0.73925
0.93198  1.347E-02  0.73925
0.93252  1.328E-02  0.73925
0.93306  1.310E-02  0.73925
0.93359  1.292E-02  0.73925
0.93412  1.275E-02  0.73925
0.93464  1.257E-02  0.73925
0.93517  1.240E-02  0.73925
0.93568  1.223E-02  0.73925
0.93619  1.206E-02  0.73925
0.93670  1.189E-02  0.73925
0.93721  1.173E-02  0.73925
0.93771  1.157E-02  0.73925
0.93820  1.141E-02  0.73925
0.93870  1.125E-02  0.73925
0.93918  1.110E-02  0.73925
0.93967  1.095E-02  0.73925
0.94015  1.080E-02  0.73925
0.94062  1.065E-02  0.73925
0.94110  1.050E-02  0.73925
0.94156  1.036E-02  0.73925
0.94203  1.021E-02  0.73925
0.94249  1.007E-02  0.73925
0.94295  9.936E-03  0.73925
0.94340  9.800E-03  0.73925
0.94385  9.665E-03  0.73925
0.94429  9.533E-03  0.73925
0.94474  9.402E-03  0.73925
0.94518  9.273E-03  0.73925
0.94561  9.146E-03  0.73925
0.94604  9.021E-03  0.73925
0.94647  8.897E-03  0.73925
0.94689  8.775E-03  0.73925
0.94731  8.654E-03  0.73925
0.94773  8.535E-03  0.73925
0.94814  8.418E-03  0.73925
0.94855  8.302E-03  0.73925
0.94896  8.188E-03  0.73925
0.94904  8.166E-03  0.73925
