# Magnus solar model BS05-OP
#
# Reference:  J. N. Bahcall, A. M. Serenelli and S. Basu, "New solar opacities, abundances, helioseismology, and neutrino fluxes", ApJ 621, L85 (2005), doi:10.1086/428929, astro-ph/0412440
# Source:     https://www.sns.ias.edu/~jnb/SNdata/Export/BS2005/bs05op.dat
# Original:   bs05op.dat
# Retrieved:  2026-09-23
# SHA-256:    61c1600f4a221d8ed4b553349a3cd8b46fc0d893141d39baa8c63f9570237a2a (of bs05op.dat)
# Terms:      "The files accessible here are available for general use. I would appreciate a note at your convenience telling me how you are using them." (J. N. Bahcall, https://www.sns.ias.edu/~jnb/SNdata/sndata.html)
# Modified:   columns extracted only -- radius [R_sun], rho_g_per_cm3, hydrogen mass fraction X --
#             each value copied from the original as written; nothing recomputed or rounded.
#             Built by tools/build_solar_model_tables.py.
# density_column: rho_g_per_cm3
#
# The original header follows, as the authors wrote it:
#
#   Standard Solar Model (BS2005-OP)
#
#   astro-ph/0412440
#
#   Columns in the Standard Model table (below) represent:
#
#   1)  Mass fraction in units of the solar mass
#   2)  Radius of the zone in units of one solar radius
#   3)  Temperature in units of deg (K)
#   4)  Density in units of g/cm^3
#   5)  Pressure in units of dyn/cm^2
#   6)  Luminosity fraction in units of the solar luminosity
#   7)  X(^1H): the hydrogen mass fraction
#   8)  X(^4He): the helium 4 mass fraction
#   9)  X(^3He): the helium 3 mass fraction
#   10) X(^12C): the carbon 12 mass fraction
#   11) X(^14N): the nitrogen 14 mass fraction
#   12) X(^16O): the oxygen 16 mass fraction
#
#   The Table begins here.
#
#
#     M/Msun    R/Rsun      T         Rho        P        L/Lsun      X      Y(He4)    He3      C12       N14       O16
#
# r_over_r_sun  rho_g_per_cm3  x_hydrogen
0.00160  1.529e+02  0.34608
0.00171  1.529e+02  0.34608
0.00181  1.529e+02  0.34609
0.00190  1.529e+02  0.34610
0.00199  1.529e+02  0.34610
0.00207  1.529e+02  0.34611
0.00214  1.529e+02  0.34612
0.00220  1.529e+02  0.34612
0.00227  1.529e+02  0.34613
0.00233  1.529e+02  0.34614
0.00239  1.529e+02  0.34614
0.00245  1.529e+02  0.34615
0.00250  1.529e+02  0.34616
0.00255  1.529e+02  0.34616
0.00261  1.529e+02  0.34617
0.00265  1.529e+02  0.34618
0.00270  1.529e+02  0.34618
0.00275  1.529e+02  0.34619
0.00279  1.529e+02  0.34620
0.00283  1.529e+02  0.34620
0.00287  1.529e+02  0.34621
0.00292  1.529e+02  0.34622
0.00296  1.529e+02  0.34622
0.00299  1.529e+02  0.34623
0.00303  1.529e+02  0.34624
0.00307  1.529e+02  0.34624
0.00311  1.528e+02  0.34625
0.00315  1.528e+02  0.34626
0.00318  1.528e+02  0.34626
0.00322  1.528e+02  0.34627
0.00326  1.528e+02  0.34628
0.00329  1.528e+02  0.34628
0.00332  1.528e+02  0.34629
0.00335  1.528e+02  0.34629
0.00339  1.528e+02  0.34630
0.00342  1.528e+02  0.34631
0.00345  1.528e+02  0.34631
0.00348  1.528e+02  0.34632
0.00351  1.528e+02  0.34633
0.00354  1.528e+02  0.34633
0.00357  1.528e+02  0.34634
0.00361  1.528e+02  0.34634
0.00364  1.528e+02  0.34635
0.00367  1.528e+02  0.34636
0.00371  1.528e+02  0.34637
0.00373  1.528e+02  0.34637
0.00375  1.528e+02  0.34638
0.00378  1.528e+02  0.34638
0.00380  1.528e+02  0.34639
0.00382  1.528e+02  0.34639
0.00385  1.528e+02  0.34640
0.00387  1.528e+02  0.34640
0.00390  1.528e+02  0.34641
0.00392  1.528e+02  0.34641
0.00395  1.528e+02  0.34642
0.00397  1.528e+02  0.34642
0.00399  1.528e+02  0.34643
0.00402  1.528e+02  0.34644
0.00404  1.528e+02  0.34644
0.00407  1.528e+02  0.34645
0.00409  1.528e+02  0.34645
0.00412  1.528e+02  0.34646
0.00415  1.528e+02  0.34647
0.00417  1.528e+02  0.34647
0.00420  1.528e+02  0.34648
0.00422  1.528e+02  0.34648
0.00425  1.528e+02  0.34649
0.00428  1.528e+02  0.34650
0.00430  1.527e+02  0.34650
0.00433  1.527e+02  0.34651
0.00436  1.527e+02  0.34652
0.00438  1.527e+02  0.34652
0.00441  1.527e+02  0.34653
0.00444  1.527e+02  0.34654
0.00447  1.527e+02  0.34655
0.00449  1.527e+02  0.34655
0.00452  1.527e+02  0.34656
0.00455  1.527e+02  0.34657
0.00458  1.527e+02  0.34658
0.00461  1.527e+02  0.34658
0.00464  1.527e+02  0.34659
0.00466  1.527e+02  0.34660
0.00468  1.527e+02  0.34660
0.00469  1.527e+02  0.34661
0.00471  1.527e+02  0.34661
0.00472  1.527e+02  0.34662
0.00474  1.527e+02  0.34662
0.00475  1.527e+02  0.34662
0.00477  1.527e+02  0.34663
0.00478  1.527e+02  0.34663
0.00480  1.527e+02  0.34664
0.00481  1.527e+02  0.34664
0.00483  1.527e+02  0.34664
0.00484  1.527e+02  0.34665
0.00486  1.527e+02  0.34665
0.00487  1.527e+02  0.34666
0.00488  1.527e+02  0.34666
0.00490  1.527e+02  0.34667
0.00492  1.527e+02  0.34667
0.00493  1.527e+02  0.34667
0.00495  1.527e+02  0.34668
0.00496  1.527e+02  0.34668
0.00498  1.527e+02  0.34669
0.00499  1.527e+02  0.34669
0.00501  1.527e+02  0.34670
0.00502  1.527e+02  0.34670
0.00504  1.527e+02  0.34671
0.00505  1.527e+02  0.34671
0.00507  1.527e+02  0.34671
0.00508  1.527e+02  0.34672
0.00510  1.527e+02  0.34672
0.00512  1.527e+02  0.34673
0.00513  1.527e+02  0.34673
0.00515  1.527e+02  0.34674
0.00516  1.527e+02  0.34674
0.00518  1.527e+02  0.34675
0.00520  1.526e+02  0.34675
0.00521  1.526e+02  0.34676
0.00523  1.526e+02  0.34676
0.00524  1.526e+02  0.34677
0.00526  1.526e+02  0.34677
0.00528  1.526e+02  0.34678
0.00529  1.526e+02  0.34678
0.00531  1.526e+02  0.34679
0.00532  1.526e+02  0.34679
0.00534  1.526e+02  0.34680
0.00536  1.526e+02  0.34680
0.00537  1.526e+02  0.34681
0.00539  1.526e+02  0.34681
0.00541  1.526e+02  0.34682
0.00542  1.526e+02  0.34682
0.00544  1.526e+02  0.34683
0.00546  1.526e+02  0.34684
0.00547  1.526e+02  0.34684
0.00549  1.526e+02  0.34685
0.00551  1.526e+02  0.34685
0.00552  1.526e+02  0.34686
0.00554  1.526e+02  0.34686
0.00556  1.526e+02  0.34687
0.00558  1.526e+02  0.34687
0.00559  1.526e+02  0.34688
0.00561  1.526e+02  0.34689
0.00563  1.526e+02  0.34689
0.00564  1.526e+02  0.34690
0.00566  1.526e+02  0.34690
0.00568  1.526e+02  0.34691
0.00570  1.526e+02  0.34691
0.00571  1.526e+02  0.34692
0.00573  1.526e+02  0.34693
0.00575  1.526e+02  0.34693
0.00577  1.526e+02  0.34694
0.00578  1.526e+02  0.34694
0.00580  1.526e+02  0.34695
0.00582  1.526e+02  0.34696
0.00584  1.526e+02  0.34696
0.00586  1.526e+02  0.34697
0.00588  1.526e+02  0.34698
0.00589  1.526e+02  0.34698
0.00591  1.526e+02  0.34699
0.00593  1.526e+02  0.34699
0.00595  1.526e+02  0.34700
0.00597  1.525e+02  0.34701
0.00598  1.525e+02  0.34701
0.00600  1.525e+02  0.34702
0.00602  1.525e+02  0.34703
0.00604  1.525e+02  0.34703
0.00606  1.525e+02  0.34704
0.00608  1.525e+02  0.34705
0.00609  1.525e+02  0.34705
0.00611  1.525e+02  0.34706
0.00613  1.525e+02  0.34707
0.00615  1.525e+02  0.34707
0.00617  1.525e+02  0.34708
0.00619  1.525e+02  0.34709
0.00621  1.525e+02  0.34710
0.00623  1.525e+02  0.34710
0.00625  1.525e+02  0.34711
0.00627  1.525e+02  0.34712
0.00629  1.525e+02  0.34712
0.00631  1.525e+02  0.34713
0.00633  1.525e+02  0.34714
0.00634  1.525e+02  0.34715
0.00636  1.525e+02  0.34715
0.00638  1.525e+02  0.34716
0.00640  1.525e+02  0.34717
0.00642  1.525e+02  0.34718
0.00644  1.525e+02  0.34718
0.00646  1.525e+02  0.34719
0.00648  1.525e+02  0.34720
0.00650  1.525e+02  0.34721
0.00652  1.525e+02  0.34721
0.00654  1.525e+02  0.34722
0.00656  1.525e+02  0.34723
0.00658  1.525e+02  0.34724
0.00660  1.525e+02  0.34724
0.00662  1.525e+02  0.34725
0.00664  1.525e+02  0.34726
0.00666  1.524e+02  0.34727
0.00668  1.524e+02  0.34727
0.00671  1.524e+02  0.34729
0.00673  1.524e+02  0.34730
0.00677  1.524e+02  0.34731
0.00681  1.524e+02  0.34733
0.00682  1.524e+02  0.34733
0.00686  1.524e+02  0.34735
0.00688  1.524e+02  0.34736
0.00691  1.524e+02  0.34737
0.00693  1.524e+02  0.34738
0.00697  1.524e+02  0.34739
0.00699  1.524e+02  0.34740
0.00703  1.524e+02  0.34742
0.00706  1.524e+02  0.34743
0.00709  1.524e+02  0.34744
0.00711  1.524e+02  0.34745
0.00713  1.524e+02  0.34746
0.00715  1.524e+02  0.34747
0.00718  1.524e+02  0.34748
0.00720  1.524e+02  0.34749
0.00722  1.524e+02  0.34750
0.00726  1.523e+02  0.34752
0.00730  1.523e+02  0.34753
0.00734  1.523e+02  0.34755
0.00736  1.523e+02  0.34756
0.00740  1.523e+02  0.34758
0.00742  1.523e+02  0.34759
0.00745  1.523e+02  0.34760
0.00747  1.523e+02  0.34761
0.00750  1.523e+02  0.34762
0.00754  1.523e+02  0.34764
0.00759  1.523e+02  0.34766
0.00763  1.523e+02  0.34768
0.00765  1.523e+02  0.34769
0.00769  1.523e+02  0.34771
0.00771  1.523e+02  0.34772
0.00775  1.523e+02  0.34774
0.00778  1.523e+02  0.34775
0.00780  1.523e+02  0.34776
0.00783  1.523e+02  0.34777
0.00788  1.522e+02  0.34779
0.00790  1.522e+02  0.34780
0.00795  1.522e+02  0.34783
0.00798  1.522e+02  0.34784
0.00803  1.522e+02  0.34786
0.00808  1.522e+02  0.34789
0.00810  1.522e+02  0.34790
0.00815  1.522e+02  0.34792
0.00818  1.522e+02  0.34794
0.00823  1.522e+02  0.34796
0.00828  1.522e+02  0.34799
0.00831  1.522e+02  0.34800
0.00836  1.522e+02  0.34802
0.00839  1.521e+02  0.34804
0.00844  1.521e+02  0.34807
0.00847  1.521e+02  0.34808
0.00852  1.521e+02  0.34811
0.00857  1.521e+02  0.34813
0.00860  1.521e+02  0.34815
0.00865  1.521e+02  0.34817
0.00868  1.521e+02  0.34819
0.00873  1.521e+02  0.34822
0.00879  1.521e+02  0.34824
0.00882  1.521e+02  0.34826
0.00887  1.520e+02  0.34829
0.00890  1.520e+02  0.34830
0.00896  1.520e+02  0.34833
0.00901  1.520e+02  0.34836
0.00904  1.520e+02  0.34838
0.00910  1.520e+02  0.34841
0.00916  1.520e+02  0.34844
0.00918  1.520e+02  0.34845
0.00924  1.520e+02  0.34849
0.00927  1.520e+02  0.34850
0.00933  1.520e+02  0.34853
0.00939  1.519e+02  0.34857
0.00942  1.519e+02  0.34858
0.00947  1.519e+02  0.34862
0.00951  1.519e+02  0.34863
0.00957  1.519e+02  0.34867
0.00963  1.519e+02  0.34870
0.00966  1.519e+02  0.34872
0.00972  1.519e+02  0.34875
0.00975  1.519e+02  0.34877
0.00981  1.518e+02  0.34881
0.00987  1.518e+02  0.34884
0.00990  1.518e+02  0.34886
0.00996  1.518e+02  0.34890
0.01000  1.518e+02  0.34892
0.01006  1.518e+02  0.34895
0.01012  1.518e+02  0.34899
0.01015  1.518e+02  0.34901
0.01022  1.518e+02  0.34905
0.01025  1.517e+02  0.34907
0.01032  1.517e+02  0.34911
0.01038  1.517e+02  0.34915
0.01041  1.517e+02  0.34917
0.01048  1.517e+02  0.34921
0.01051  1.517e+02  0.34923
0.01058  1.517e+02  0.34927
0.01064  1.516e+02  0.34931
0.01067  1.516e+02  0.34933
0.01074  1.516e+02  0.34937
0.01077  1.516e+02  0.34940
0.01084  1.516e+02  0.34944
0.01091  1.516e+02  0.34948
0.01094  1.516e+02  0.34950
0.01101  1.516e+02  0.34955
0.01105  1.515e+02  0.34957
0.01112  1.515e+02  0.34962
0.01118  1.515e+02  0.34966
0.01122  1.515e+02  0.34969
0.01129  1.515e+02  0.34973
0.01132  1.515e+02  0.34975
0.01140  1.515e+02  0.34980
0.01147  1.514e+02  0.34985
0.01150  1.514e+02  0.34988
0.01157  1.514e+02  0.34992
0.01161  1.514e+02  0.34995
0.01168  1.514e+02  0.35000
0.01175  1.514e+02  0.35005
0.01179  1.514e+02  0.35007
0.01186  1.513e+02  0.35012
0.01190  1.513e+02  0.35015
0.01198  1.513e+02  0.35020
0.01205  1.513e+02  0.35026
0.01209  1.513e+02  0.35028
0.01216  1.513e+02  0.35034
0.01220  1.512e+02  0.35037
0.01228  1.512e+02  0.35042
0.01236  1.512e+02  0.35048
0.01239  1.512e+02  0.35050
0.01247  1.512e+02  0.35056
0.01251  1.512e+02  0.35059
0.01259  1.511e+02  0.35065
0.01267  1.511e+02  0.35071
0.01271  1.511e+02  0.35074
0.01278  1.511e+02  0.35079
0.01282  1.511e+02  0.35083
0.01290  1.510e+02  0.35089
0.01298  1.510e+02  0.35095
0.01302  1.510e+02  0.35098
0.01310  1.510e+02  0.35104
0.01314  1.510e+02  0.35107
0.01322  1.509e+02  0.35113
0.01331  1.509e+02  0.35120
0.01335  1.509e+02  0.35123
0.01342  1.509e+02  0.35129
0.01347  1.509e+02  0.35132
0.01355  1.508e+02  0.35139
0.01363  1.508e+02  0.35145
0.01375  1.508e+02  0.35155
0.01379  1.508e+02  0.35159
0.01392  1.507e+02  0.35169
0.01400  1.507e+02  0.35175
0.01412  1.507e+02  0.35186
0.01421  1.506e+02  0.35193
0.01429  1.506e+02  0.35199
0.01441  1.506e+02  0.35210
0.01454  1.505e+02  0.35220
0.01462  1.505e+02  0.35228
0.01474  1.505e+02  0.35238
0.01486  1.504e+02  0.35249
0.01490  1.504e+02  0.35252
0.01502  1.504e+02  0.35263
0.01510  1.503e+02  0.35269
0.01520  1.503e+02  0.35278
0.01532  1.503e+02  0.35289
0.01542  1.502e+02  0.35298
0.01548  1.502e+02  0.35304
0.01562  1.502e+02  0.35316
0.01571  1.501e+02  0.35324
0.01584  1.501e+02  0.35337
0.01598  1.500e+02  0.35349
0.01607  1.500e+02  0.35358
0.01620  1.499e+02  0.35371
0.01634  1.499e+02  0.35384
0.01643  1.499e+02  0.35393
0.01657  1.498e+02  0.35406
0.01671  1.498e+02  0.35419
0.01680  1.497e+02  0.35428
0.01694  1.497e+02  0.35442
0.01708  1.496e+02  0.35456
0.01718  1.496e+02  0.35465
0.01731  1.495e+02  0.35479
0.01746  1.495e+02  0.35494
0.01755  1.494e+02  0.35503
0.01769  1.494e+02  0.35518
0.01784  1.493e+02  0.35533
0.01794  1.493e+02  0.35543
0.01808  1.492e+02  0.35558
0.01822  1.492e+02  0.35573
0.01832  1.491e+02  0.35583
0.01846  1.491e+02  0.35598
0.01861  1.490e+02  0.35614
0.01871  1.490e+02  0.35625
0.01885  1.489e+02  0.35640
0.01900  1.488e+02  0.35657
0.01910  1.488e+02  0.35668
0.01924  1.487e+02  0.35684
0.01939  1.487e+02  0.35701
0.01949  1.486e+02  0.35712
0.01969  1.486e+02  0.35734
0.01984  1.485e+02  0.35752
0.01994  1.484e+02  0.35763
0.02009  1.484e+02  0.35781
0.02020  1.483e+02  0.35793
0.02035  1.483e+02  0.35810
0.02050  1.482e+02  0.35828
0.02071  1.481e+02  0.35853
0.02086  1.480e+02  0.35871
0.02102  1.480e+02  0.35890
0.02112  1.479e+02  0.35903
0.02128  1.478e+02  0.35922
0.02144  1.478e+02  0.35941
0.02155  1.477e+02  0.35954
0.02170  1.476e+02  0.35974
0.02186  1.476e+02  0.35994
0.02197  1.475e+02  0.36007
0.02213  1.474e+02  0.36027
0.02229  1.474e+02  0.36048
0.02256  1.472e+02  0.36083
0.02273  1.471e+02  0.36104
0.02300  1.470e+02  0.36140
0.02317  1.469e+02  0.36161
0.02344  1.468e+02  0.36197
0.02361  1.467e+02  0.36220
0.02388  1.466e+02  0.36257
0.02405  1.465e+02  0.36280
0.02433  1.463e+02  0.36319
0.02450  1.462e+02  0.36342
0.02479  1.461e+02  0.36382
0.02496  1.460e+02  0.36406
0.02525  1.458e+02  0.36447
0.02542  1.458e+02  0.36472
0.02571  1.456e+02  0.36514
0.02589  1.455e+02  0.36540
0.02618  1.453e+02  0.36582
0.02637  1.452e+02  0.36609
0.02666  1.451e+02  0.36653
0.02685  1.450e+02  0.36681
0.02715  1.448e+02  0.36726
0.02733  1.447e+02  0.36754
0.02764  1.445e+02  0.36801
0.02795  1.443e+02  0.36849
0.02820  1.442e+02  0.36888
0.02851  1.440e+02  0.36938
0.02883  1.438e+02  0.36988
0.02920  1.436e+02  0.37048
0.02940  1.435e+02  0.37079
0.02971  1.433e+02  0.37131
0.03002  1.431e+02  0.37182
0.03022  1.430e+02  0.37214
0.03049  1.428e+02  0.37260
0.03069  1.427e+02  0.37293
0.03104  1.425e+02  0.37351
0.03131  1.423e+02  0.37398
0.03159  1.421e+02  0.37446
0.03201  1.419e+02  0.37518
0.03236  1.416e+02  0.37580
0.03258  1.415e+02  0.37618
0.03293  1.413e+02  0.37681
0.03315  1.411e+02  0.37720
0.03351  1.409e+02  0.37785
0.03389  1.406e+02  0.37852
0.03418  1.404e+02  0.37905
0.03470  1.401e+02  0.38001
0.03493  1.399e+02  0.38044
0.03531  1.397e+02  0.38114
0.03576  1.394e+02  0.38201
0.03623  1.390e+02  0.38288
0.03653  1.388e+02  0.38347
0.03685  1.386e+02  0.38408
0.03716  1.384e+02  0.38468
0.03748  1.382e+02  0.38531
0.03812  1.377e+02  0.38657
0.03877  1.372e+02  0.38787
0.03909  1.370e+02  0.38852
0.03976  1.365e+02  0.38988
0.04010  1.363e+02  0.39057
0.04069  1.358e+02  0.39180
0.04112  1.355e+02  0.39269
0.04173  1.351e+02  0.39398
0.04199  1.349e+02  0.39454
0.04252  1.345e+02  0.39567
0.04324  1.339e+02  0.39722
0.04397  1.333e+02  0.39880
0.04425  1.331e+02  0.39941
0.04499  1.326e+02  0.40105
0.04546  1.322e+02  0.40209
0.04622  1.316e+02  0.40380
0.04652  1.314e+02  0.40447
0.04730  1.307e+02  0.40625
0.04779  1.303e+02  0.40738
0.04860  1.297e+02  0.40925
0.04953  1.289e+02  0.41142
0.05027  1.284e+02  0.41315
0.05113  1.276e+02  0.41519
0.05146  1.274e+02  0.41599
0.05235  1.266e+02  0.41811
0.05325  1.259e+02  0.42030
0.05417  1.251e+02  0.42254
0.05475  1.247e+02  0.42396
0.05532  1.242e+02  0.42538
0.05609  1.235e+02  0.42727
0.05700  1.228e+02  0.42956
0.05764  1.222e+02  0.43116
0.05803  1.219e+02  0.43215
0.05889  1.212e+02  0.43432
0.05978  1.204e+02  0.43657
0.06061  1.197e+02  0.43869
0.06119  1.192e+02  0.44017
0.06214  1.184e+02  0.44262
0.06277  1.179e+02  0.44424
0.06341  1.174e+02  0.44591
0.06412  1.168e+02  0.44776
0.06478  1.162e+02  0.44946
0.06551  1.156e+02  0.45138
0.06597  1.152e+02  0.45257
0.06658  1.147e+02  0.45417
0.06706  1.143e+02  0.45544
0.06778  1.136e+02  0.45733
0.06864  1.129e+02  0.45958
0.06906  1.126e+02  0.46069
0.06971  1.120e+02  0.46241
0.07053  1.113e+02  0.46459
0.07145  1.105e+02  0.46703
0.07229  1.098e+02  0.46925
0.07278  1.094e+02  0.47056
0.07342  1.089e+02  0.47225
0.07416  1.083e+02  0.47421
0.07466  1.078e+02  0.47553
0.07514  1.074e+02  0.47681
0.07583  1.069e+02  0.47863
0.07665  1.062e+02  0.48082
0.07716  1.058e+02  0.48217
0.07776  1.052e+02  0.48376
0.07865  1.045e+02  0.48612
0.07953  1.038e+02  0.48845
0.08011  1.033e+02  0.48998
0.08068  1.028e+02  0.49150
0.08106  1.025e+02  0.49251
0.08163  1.020e+02  0.49402
0.08211  1.017e+02  0.49526
0.08258  1.013e+02  0.49651
0.08333  1.007e+02  0.49849
0.08389  1.002e+02  0.49996
0.08464  9.960e+01  0.50192
0.08520  9.915e+01  0.50338
0.08557  9.885e+01  0.50435
0.08641  9.818e+01  0.50654
0.08705  9.766e+01  0.50822
0.08789  9.699e+01  0.51039
0.08863  9.641e+01  0.51230
0.08904  9.607e+01  0.51338
0.08964  9.560e+01  0.51492
0.09038  9.502e+01  0.51681
0.09106  9.448e+01  0.51856
0.09157  9.409e+01  0.51985
0.09239  9.345e+01  0.52195
0.09285  9.309e+01  0.52311
0.09349  9.259e+01  0.52474
0.09395  9.224e+01  0.52590
0.09450  9.182e+01  0.52729
0.09524  9.125e+01  0.52914
0.09561  9.097e+01  0.53006
0.09635  9.041e+01  0.53191
0.09718  8.978e+01  0.53396
0.09788  8.925e+01  0.53569
0.09839  8.887e+01  0.53695
0.09904  8.838e+01  0.53855
0.09951  8.803e+01  0.53969
0.10016  8.755e+01  0.54127
0.10044  8.734e+01  0.54196
0.10110  8.685e+01  0.54356
0.10185  8.630e+01  0.54536
0.10223  8.602e+01  0.54628
0.10289  8.554e+01  0.54785
0.10365  8.498e+01  0.54966
0.10427  8.454e+01  0.55112
0.10460  8.430e+01  0.55190
0.10517  8.388e+01  0.55326
0.10565  8.354e+01  0.55438
0.10623  8.313e+01  0.55571
0.10661  8.285e+01  0.55661
0.10729  8.238e+01  0.55817
0.10806  8.183e+01  0.55994
0.10893  8.122e+01  0.56192
0.10950  8.082e+01  0.56322
0.11036  8.023e+01  0.56516
0.11120  7.965e+01  0.56704
0.11175  7.927e+01  0.56826
0.11255  7.872e+01  0.57002
0.11317  7.830e+01  0.57139
0.11369  7.795e+01  0.57251
0.11410  7.767e+01  0.57341
0.11472  7.725e+01  0.57475
0.11554  7.670e+01  0.57652
0.11611  7.632e+01  0.57774
0.11669  7.594e+01  0.57896
0.11741  7.546e+01  0.58049
0.11799  7.508e+01  0.58170
0.11847  7.477e+01  0.58269
0.11909  7.436e+01  0.58399
0.11968  7.398e+01  0.58519
0.12037  7.354e+01  0.58661
0.12117  7.303e+01  0.58823
0.12208  7.244e+01  0.59006
0.12289  7.193e+01  0.59167
0.12354  7.152e+01  0.59296
0.12435  7.101e+01  0.59455
0.12501  7.060e+01  0.59583
0.12567  7.019e+01  0.59710
0.12611  6.992e+01  0.59794
0.12678  6.951e+01  0.59921
0.12766  6.897e+01  0.60088
0.12822  6.863e+01  0.60193
0.12861  6.839e+01  0.60266
0.12929  6.799e+01  0.60390
0.13019  6.744e+01  0.60556
0.13070  6.714e+01  0.60649
0.13121  6.684e+01  0.60740
0.13201  6.636e+01  0.60884
0.13253  6.606e+01  0.60976
0.13333  6.559e+01  0.61117
0.13409  6.515e+01  0.61249
0.13455  6.488e+01  0.61329
0.13531  6.444e+01  0.61458
0.13596  6.407e+01  0.61569
0.13637  6.384e+01  0.61638
0.13713  6.340e+01  0.61766
0.13761  6.313e+01  0.61845
0.13820  6.280e+01  0.61943
0.13862  6.256e+01  0.62011
0.13934  6.216e+01  0.62128
0.13988  6.186e+01  0.62215
0.14036  6.159e+01  0.62292
0.14096  6.126e+01  0.62387
0.14145  6.099e+01  0.62464
0.14199  6.070e+01  0.62550
0.14266  6.033e+01  0.62653
0.14340  5.993e+01  0.62766
0.14431  5.944e+01  0.62906
0.14499  5.908e+01  0.63007
0.14591  5.859e+01  0.63145
0.14659  5.823e+01  0.63244
0.14702  5.800e+01  0.63307
0.14764  5.768e+01  0.63396
0.14856  5.720e+01  0.63528
0.14918  5.688e+01  0.63615
0.14973  5.659e+01  0.63692
0.15021  5.635e+01  0.63759
0.15116  5.586e+01  0.63890
0.15175  5.556e+01  0.63971
0.15268  5.509e+01  0.64096
0.15328  5.479e+01  0.64175
0.15422  5.432e+01  0.64299
0.15487  5.400e+01  0.64384
0.15528  5.379e+01  0.64437
0.15597  5.346e+01  0.64525
0.15692  5.299e+01  0.64645
0.15733  5.279e+01  0.64696
0.15801  5.246e+01  0.64780
0.15869  5.214e+01  0.64863
0.15923  5.188e+01  0.64929
0.15984  5.158e+01  0.65003
0.16045  5.129e+01  0.65076
0.16106  5.100e+01  0.65148
0.16208  5.053e+01  0.65266
0.16290  5.014e+01  0.65360
0.16359  4.982e+01  0.65438
0.16469  4.931e+01  0.65561
0.16573  4.884e+01  0.65675
0.16635  4.855e+01  0.65742
0.16739  4.809e+01  0.65853
0.16816  4.774e+01  0.65934
0.16916  4.730e+01  0.66036
0.16980  4.701e+01  0.66101
0.17044  4.673e+01  0.66166
0.17150  4.626e+01  0.66271
0.17214  4.599e+01  0.66333
0.17280  4.570e+01  0.66397
0.17346  4.542e+01  0.66459
0.17433  4.504e+01  0.66541
0.17520  4.467e+01  0.66622
0.17565  4.449e+01  0.66662
0.17653  4.411e+01  0.66742
0.17698  4.393e+01  0.66782
0.17787  4.356e+01  0.66860
0.17831  4.337e+01  0.66899
0.17920  4.301e+01  0.66975
0.17980  4.276e+01  0.67026
0.18070  4.239e+01  0.67100
0.18160  4.203e+01  0.67174
0.18282  4.154e+01  0.67272
0.18404  4.106e+01  0.67367
0.18466  4.081e+01  0.67415
0.18589  4.033e+01  0.67508
0.18652  4.009e+01  0.67554
0.18777  3.960e+01  0.67646
0.18903  3.912e+01  0.67735
0.19031  3.864e+01  0.67824
0.19159  3.816e+01  0.67910
0.19289  3.768e+01  0.67996
0.19355  3.744e+01  0.68038
0.19486  3.696e+01  0.68121
0.19553  3.672e+01  0.68162
0.19685  3.624e+01  0.68243
0.19753  3.600e+01  0.68283
0.19888  3.552e+01  0.68362
0.19956  3.529e+01  0.68401
0.20059  3.493e+01  0.68459
0.20163  3.457e+01  0.68516
0.20302  3.409e+01  0.68591
0.20442  3.362e+01  0.68664
0.20513  3.338e+01  0.68700
0.20656  3.291e+01  0.68771
0.20781  3.250e+01  0.68832
0.20907  3.209e+01  0.68891
0.21014  3.175e+01  0.68940
0.21121  3.140e+01  0.68989
0.21228  3.107e+01  0.69036
0.21379  3.059e+01  0.69101
0.21529  3.013e+01  0.69163
0.21680  2.967e+01  0.69224
0.21830  2.922e+01  0.69282
0.21977  2.878e+01  0.69338
0.22124  2.835e+01  0.69391
0.22249  2.799e+01  0.69436
0.22501  2.727e+01  0.69522
0.22676  2.678e+01  0.69579
0.22852  2.629e+01  0.69634
0.23033  2.580e+01  0.69688
0.23208  2.533e+01  0.69739
0.23385  2.487e+01  0.69788
0.23554  2.443e+01  0.69833
0.23723  2.400e+01  0.69877
0.23892  2.357e+01  0.69919
0.24060  2.316e+01  0.69959
0.24229  2.274e+01  0.69997
0.24571  2.193e+01  0.70071
0.24744  2.153e+01  0.70106
0.25094  2.074e+01  0.70173
0.25450  1.995e+01  0.70235
0.25631  1.957e+01  0.70265
0.25999  1.880e+01  0.70321
0.26187  1.842e+01  0.70349
0.26568  1.767e+01  0.70400
0.26761  1.730e+01  0.70425
0.27157  1.657e+01  0.70474
0.27562  1.584e+01  0.70521
0.27980  1.512e+01  0.70568
0.28409  1.442e+01  0.70615
0.28852  1.372e+01  0.70663
0.29308  1.304e+01  0.70711
0.29780  1.237e+01  0.70759
0.30268  1.171e+01  0.70805
0.30772  1.106e+01  0.70851
0.31255  1.047e+01  0.70891
0.31700  9.956e+00  0.70926
0.32091  9.524e+00  0.70955
0.32421  9.174e+00  0.70979
0.32705  8.884e+00  0.70998
0.33008  8.583e+00  0.71017
0.33490  8.127e+00  0.71047
0.33830  7.818e+00  0.71066
0.34388  7.339e+00  0.71097
0.35006  6.843e+00  0.71128
0.35647  6.363e+00  0.71158
0.36316  5.900e+00  0.71187
0.37014  5.453e+00  0.71216
0.37372  5.238e+00  0.71230
0.37739  5.027e+00  0.71244
0.38404  4.665e+00  0.71268
0.38957  4.385e+00  0.71288
0.39391  4.178e+00  0.71303
0.39712  4.031e+00  0.71313
0.40045  3.885e+00  0.71324
0.40288  3.782e+00  0.71332
0.40636  3.639e+00  0.71344
0.41053  3.475e+00  0.71357
0.41476  3.317e+00  0.71370
0.41910  3.162e+00  0.71383
0.42229  3.054e+00  0.71393
0.42554  2.947e+00  0.71402
0.43005  2.806e+00  0.71415
0.43397  2.689e+00  0.71427
0.43799  2.575e+00  0.71438
0.44173  2.472e+00  0.71449
0.44557  2.372e+00  0.71459
0.45317  2.187e+00  0.71481
0.45700  2.099e+00  0.71491
0.46091  2.014e+00  0.71501
0.46477  1.933e+00  0.71512
0.46872  1.854e+00  0.71522
0.47289  1.774e+00  0.71533
0.47716  1.696e+00  0.71544
0.48475  1.567e+00  0.71563
0.48997  1.485e+00  0.71576
0.49304  1.438e+00  0.71583
0.49644  1.389e+00  0.71591
0.49963  1.344e+00  0.71599
0.50689  1.248e+00  0.71617
0.51369  1.164e+00  0.71633
0.52025  1.090e+00  0.71649
0.52667  1.021e+00  0.71665
0.53299  9.590e-01  0.71680
0.53919  9.017e-01  0.71696
0.54530  8.489e-01  0.71711
0.55131  8.003e-01  0.71725
0.55721  7.555e-01  0.71739
0.56301  7.142e-01  0.71753
0.56871  6.760e-01  0.71766
0.57430  6.406e-01  0.71778
0.57979  6.079e-01  0.71790
0.58517  5.776e-01  0.71801
0.59043  5.496e-01  0.71810
0.59556  5.237e-01  0.71819
0.60053  5.000e-01  0.71827
0.60526  4.784e-01  0.71833
0.60964  4.594e-01  0.71839
0.61350  4.433e-01  0.71842
0.61692  4.296e-01  0.71846
0.61949  4.196e-01  0.71848
0.62209  4.098e-01  0.71850
0.62525  3.981e-01  0.71853
0.62747  3.902e-01  0.71855
0.62972  3.823e-01  0.71857
0.63194  3.747e-01  0.71860
0.63419  3.672e-01  0.71863
0.63638  3.600e-01  0.71867
0.63860  3.530e-01  0.71872
0.64074  3.462e-01  0.71877
0.64291  3.396e-01  0.71884
0.64501  3.333e-01  0.71893
0.64714  3.271e-01  0.71903
0.64918  3.212e-01  0.71914
0.65022  3.182e-01  0.71921
0.65225  3.126e-01  0.71935
0.65427  3.071e-01  0.71952
0.65625  3.017e-01  0.71972
0.65723  2.991e-01  0.71982
0.65821  2.966e-01  0.71994
0.65920  2.940e-01  0.72006
0.66014  2.916e-01  0.72018
0.66108  2.892e-01  0.72032
0.66203  2.868e-01  0.72046
0.66299  2.844e-01  0.72061
0.66388  2.822e-01  0.72076
0.66522  2.789e-01  0.72100
0.66612  2.767e-01  0.72117
0.66719  2.742e-01  0.72138
0.66843  2.712e-01  0.72164
0.66937  2.690e-01  0.72185
0.66999  2.675e-01  0.72200
0.67094  2.653e-01  0.72223
0.67157  2.639e-01  0.72239
0.67222  2.624e-01  0.72255
0.67305  2.605e-01  0.72277
0.67360  2.593e-01  0.72292
0.67443  2.574e-01  0.72315
0.67526  2.556e-01  0.72339
0.67581  2.544e-01  0.72356
0.67637  2.531e-01  0.72373
0.67703  2.517e-01  0.72393
0.67777  2.501e-01  0.72416
0.67852  2.485e-01  0.72440
0.67890  2.477e-01  0.72452
0.67965  2.461e-01  0.72477
0.68033  2.446e-01  0.72500
0.68102  2.432e-01  0.72523
0.68148  2.422e-01  0.72539
0.68194  2.413e-01  0.72555
0.68217  2.408e-01  0.72563
0.68263  2.399e-01  0.72579
0.68286  2.394e-01  0.72587
0.68332  2.384e-01  0.72604
0.68385  2.373e-01  0.72623
0.68439  2.363e-01  0.72643
0.68466  2.357e-01  0.72653
0.68520  2.346e-01  0.72673
0.68547  2.341e-01  0.72683
0.68574  2.336e-01  0.72693
0.68601  2.330e-01  0.72704
0.68628  2.325e-01  0.72714
0.68655  2.319e-01  0.72724
0.68682  2.314e-01  0.72735
0.68709  2.309e-01  0.72746
0.68736  2.303e-01  0.72756
0.68764  2.298e-01  0.72767
0.68804  2.290e-01  0.72783
0.68845  2.282e-01  0.72799
0.68886  2.274e-01  0.72816
0.68927  2.266e-01  0.72832
0.68948  2.262e-01  0.72841
0.68969  2.258e-01  0.72849
0.68989  2.254e-01  0.72858
0.69010  2.250e-01  0.72866
0.69030  2.246e-01  0.72875
0.69051  2.243e-01  0.72883
0.69072  2.239e-01  0.72892
0.69093  2.235e-01  0.72900
0.69127  2.228e-01  0.72915
0.69161  2.222e-01  0.72929
0.69196  2.215e-01  0.72944
0.69230  2.209e-01  0.72958
0.69264  2.202e-01  0.72973
0.69299  2.196e-01  0.72988
0.69334  2.190e-01  0.73003
0.69368  2.183e-01  0.73018
0.69403  2.177e-01  0.73034
0.69438  2.171e-01  0.73049
0.69473  2.164e-01  0.73064
0.69508  2.158e-01  0.73080
0.69543  2.152e-01  0.73096
0.69578  2.145e-01  0.73112
0.69613  2.139e-01  0.73128
0.69649  2.133e-01  0.73144
0.69675  2.128e-01  0.73156
0.69702  2.123e-01  0.73168
0.69728  2.118e-01  0.73180
0.69755  2.114e-01  0.73193
0.69782  2.109e-01  0.73205
0.69809  2.104e-01  0.73218
0.69835  2.100e-01  0.73230
0.69862  2.095e-01  0.73243
0.69889  2.090e-01  0.73256
0.69916  2.086e-01  0.73269
0.69943  2.081e-01  0.73281
0.69970  2.076e-01  0.73294
0.69997  2.072e-01  0.73307
0.70024  2.067e-01  0.73321
0.70051  2.062e-01  0.73334
0.70078  2.058e-01  0.73347
0.70106  2.053e-01  0.73360
0.70133  2.049e-01  0.73374
0.70160  2.044e-01  0.73387
0.70187  2.040e-01  0.73400
0.70214  2.035e-01  0.73414
0.70241  2.030e-01  0.73428
0.70269  2.026e-01  0.73441
0.70296  2.021e-01  0.73455
0.70323  2.017e-01  0.73469
0.70351  2.012e-01  0.73483
0.70378  2.008e-01  0.73497
0.70406  2.003e-01  0.73511
0.70433  1.999e-01  0.73525
0.70461  1.994e-01  0.73539
0.70488  1.990e-01  0.73554
0.70516  1.985e-01  0.73568
0.70543  1.981e-01  0.73582
0.70571  1.977e-01  0.73597
0.70599  1.972e-01  0.73612
0.70627  1.968e-01  0.73626
0.70655  1.963e-01  0.73641
0.70682  1.959e-01  0.73656
0.70710  1.954e-01  0.73671
0.70738  1.950e-01  0.73686
0.70766  1.946e-01  0.73701
0.70794  1.941e-01  0.73717
0.70822  1.937e-01  0.73732
0.70851  1.933e-01  0.73748
0.70879  1.928e-01  0.73763
0.70907  1.924e-01  0.73779
0.70935  1.920e-01  0.73795
0.70963  1.915e-01  0.73810
0.70991  1.911e-01  0.73826
0.71018  1.907e-01  0.73842
0.71046  1.903e-01  0.73858
0.71073  1.899e-01  0.73874
0.71101  1.894e-01  0.73890
0.71128  1.890e-01  0.73906
0.71156  1.886e-01  0.73922
0.71184  1.882e-01  0.73939
0.71212  1.878e-01  0.73956
0.71239  1.874e-01  0.73973
0.71267  1.870e-01  0.73991
0.71323  1.862e-01  0.74027
0.71351  1.858e-01  0.74045
0.71407  1.850e-01  0.74045
0.71444  1.845e-01  0.74045
0.71481  1.840e-01  0.74045
0.71519  1.835e-01  0.74045
0.71557  1.830e-01  0.74045
0.71604  1.823e-01  0.74045
0.71652  1.817e-01  0.74045
0.71723  1.807e-01  0.74045
0.71795  1.798e-01  0.74045
0.71867  1.788e-01  0.74045
0.71939  1.779e-01  0.74045
0.71988  1.772e-01  0.74045
0.72060  1.763e-01  0.74045
0.72133  1.753e-01  0.74045
0.72182  1.747e-01  0.74045
0.72256  1.737e-01  0.74045
0.72329  1.728e-01  0.74045
0.72375  1.722e-01  0.74045
0.72420  1.716e-01  0.74045
0.72488  1.707e-01  0.74045
0.72557  1.698e-01  0.74045
0.72626  1.689e-01  0.74045
0.72695  1.681e-01  0.74045
0.72741  1.675e-01  0.74045
0.72811  1.666e-01  0.74045
0.72857  1.660e-01  0.74045
0.72927  1.651e-01  0.74045
0.72997  1.642e-01  0.74045
0.73089  1.631e-01  0.74045
0.73155  1.623e-01  0.74045
0.73220  1.615e-01  0.74045
0.73264  1.609e-01  0.74045
0.73330  1.601e-01  0.74045
0.73396  1.593e-01  0.74045
0.73440  1.588e-01  0.74045
0.73507  1.579e-01  0.74045
0.73618  1.566e-01  0.74045
0.73685  1.558e-01  0.74045
0.73796  1.544e-01  0.74045
0.73900  1.532e-01  0.74045
0.73963  1.524e-01  0.74045
0.74026  1.517e-01  0.74045
0.74132  1.504e-01  0.74045
0.74195  1.497e-01  0.74045
0.74302  1.484e-01  0.74045
0.74366  1.477e-01  0.74045
0.74473  1.464e-01  0.74045
0.74536  1.457e-01  0.74045
0.74642  1.445e-01  0.74045
0.74705  1.438e-01  0.74045
0.74812  1.425e-01  0.74045
0.74919  1.413e-01  0.74045
0.75006  1.403e-01  0.74045
0.75136  1.389e-01  0.74045
0.75249  1.376e-01  0.74045
0.75306  1.370e-01  0.74045
0.75421  1.357e-01  0.74045
0.75536  1.344e-01  0.74045
0.75632  1.334e-01  0.74045
0.75710  1.325e-01  0.74045
0.75845  1.311e-01  0.74045
0.75941  1.300e-01  0.74045
0.76005  1.293e-01  0.74045
0.76134  1.280e-01  0.74045
0.76265  1.266e-01  0.74045
0.76339  1.258e-01  0.74045
0.76489  1.242e-01  0.74045
0.76565  1.234e-01  0.74045
0.76717  1.218e-01  0.74045
0.76871  1.203e-01  0.74045
0.77015  1.188e-01  0.74045
0.77088  1.181e-01  0.74045
0.77234  1.166e-01  0.74045
0.77308  1.158e-01  0.74045
0.77456  1.144e-01  0.74045
0.77595  1.130e-01  0.74045
0.77736  1.116e-01  0.74045
0.77878  1.102e-01  0.74045
0.78021  1.088e-01  0.74045
0.78156  1.075e-01  0.74045
0.78292  1.062e-01  0.74045
0.78429  1.049e-01  0.74045
0.78568  1.036e-01  0.74045
0.78699  1.024e-01  0.74045
0.78830  1.012e-01  0.74045
0.78963  9.999e-02  0.74045
0.79097  9.877e-02  0.74045
0.79224  9.763e-02  0.74045
0.79351  9.648e-02  0.74045
0.79480  9.533e-02  0.74045
0.79610  9.418e-02  0.74045
0.79854  9.204e-02  0.74045
0.80102  8.990e-02  0.74045
0.80338  8.788e-02  0.74045
0.80578  8.586e-02  0.74045
0.80808  8.395e-02  0.74045
0.81041  8.204e-02  0.74045
0.81264  8.023e-02  0.74045
0.81490  7.842e-02  0.74045
0.81706  7.672e-02  0.74045
0.81926  7.500e-02  0.74045
0.82136  7.339e-02  0.74045
0.82350  7.176e-02  0.74045
0.82554  7.023e-02  0.74045
0.82761  6.869e-02  0.74045
0.82960  6.724e-02  0.74045
0.83161  6.578e-02  0.74045
0.83354  6.440e-02  0.74045
0.83550  6.301e-02  0.74045
0.83738  6.170e-02  0.74045
0.83929  6.038e-02  0.74045
0.84111  5.913e-02  0.74045
0.84297  5.788e-02  0.74045
0.84474  5.669e-02  0.74045
0.84655  5.550e-02  0.74045
0.84826  5.438e-02  0.74045
0.85000  5.325e-02  0.74045
0.85167  5.219e-02  0.74045
0.85336  5.112e-02  0.74045
0.85498  5.010e-02  0.74045
0.85663  4.908e-02  0.74045
0.85821  4.811e-02  0.74045
0.85982  4.713e-02  0.74045
0.86136  4.621e-02  0.74045
0.86293  4.528e-02  0.74045
0.86443  4.439e-02  0.74045
0.86595  4.351e-02  0.74045
0.86741  4.266e-02  0.74045
0.86890  4.181e-02  0.74045
0.87033  4.101e-02  0.74045
0.87178  4.020e-02  0.74045
0.87317  3.943e-02  0.74045
0.87458  3.865e-02  0.74045
0.87593  3.791e-02  0.74045
0.87731  3.717e-02  0.74045
0.87863  3.647e-02  0.74045
0.87997  3.576e-02  0.74045
0.88126  3.508e-02  0.74045
0.88257  3.440e-02  0.74045
0.88382  3.376e-02  0.74045
0.88508  3.312e-02  0.74045
0.88630  3.250e-02  0.74045
0.88753  3.189e-02  0.74045
0.88871  3.130e-02  0.74045
0.88992  3.071e-02  0.74045
0.89107  3.014e-02  0.74045
0.89225  2.958e-02  0.74045
0.89338  2.904e-02  0.74045
0.89452  2.849e-02  0.74045
0.89563  2.797e-02  0.74045
0.89674  2.745e-02  0.74045
0.89782  2.696e-02  0.74045
0.89891  2.645e-02  0.74045
0.89996  2.598e-02  0.74045
0.90103  2.550e-02  0.74045
0.90205  2.504e-02  0.74045
0.90309  2.458e-02  0.74045
0.90409  2.414e-02  0.74045
0.90511  2.369e-02  0.74045
0.90609  2.327e-02  0.74045
0.90708  2.285e-02  0.74045
0.90803  2.244e-02  0.74045
0.90900  2.203e-02  0.74045
0.90996  2.163e-02  0.74045
0.91093  2.123e-02  0.74045
0.91217  2.072e-02  0.74045
0.91362  2.013e-02  0.74045
0.91453  1.976e-02  0.74045
0.91545  1.940e-02  0.74045
0.91633  1.905e-02  0.74045
0.91723  1.870e-02  0.74045
0.91809  1.836e-02  0.74045
0.91897  1.802e-02  0.74045
0.91981  1.770e-02  0.74045
0.92067  1.737e-02  0.74045
0.92149  1.706e-02  0.74045
0.92232  1.675e-02  0.74045
0.92313  1.645e-02  0.74045
0.92394  1.615e-02  0.74045
0.92472  1.587e-02  0.74045
0.92551  1.558e-02  0.74045
0.92627  1.531e-02  0.74045
0.92704  1.503e-02  0.74045
0.92778  1.477e-02  0.74045
0.92853  1.450e-02  0.74045
0.92925  1.425e-02  0.74045
0.92999  1.400e-02  0.74045
0.93070  1.375e-02  0.74045
0.93142  1.351e-02  0.74045
0.93211  1.327e-02  0.74045
0.93281  1.304e-02  0.74045
0.93348  1.281e-02  0.74045
0.93417  1.258e-02  0.74045
0.93483  1.237e-02  0.74045
0.93550  1.215e-02  0.74045
0.93614  1.194e-02  0.74045
0.93680  1.173e-02  0.74045
0.93742  1.153e-02  0.74045
0.93806  1.132e-02  0.74045
0.93868  1.113e-02  0.74045
0.93930  1.093e-02  0.74045
0.93991  1.075e-02  0.74045
0.94052  1.056e-02  0.74045
0.94110  1.038e-02  0.74045
0.94169  1.020e-02  0.74045
0.94226  1.003e-02  0.74045
0.94283  9.853e-03  0.74045
0.94339  9.687e-03  0.74045
0.94396  9.520e-03  0.74045
0.94450  9.360e-03  0.74045
0.94505  9.198e-03  0.74045
0.94558  9.044e-03  0.74045
0.94612  8.889e-03  0.74045
0.94664  8.740e-03  0.74045
0.94717  8.590e-03  0.74045
0.94768  8.446e-03  0.74045
0.94819  8.301e-03  0.74045
0.94869  8.163e-03  0.74045
0.94919  8.023e-03  0.74045
0.94968  7.889e-03  0.74045
0.95017  7.755e-03  0.74045
0.95065  7.626e-03  0.74045
0.95113  7.496e-03  0.74045
0.95159  7.371e-03  0.74045
0.95206  7.246e-03  0.74045
0.95252  7.126e-03  0.74045
0.95298  7.004e-03  0.74045
0.95342  6.889e-03  0.74045
0.95387  6.774e-03  0.74045
0.95430  6.663e-03  0.74045
0.95473  6.551e-03  0.74045
0.95515  6.444e-03  0.74045
0.95558  6.336e-03  0.74045
0.95641  6.128e-03  0.74045
0.95722  5.927e-03  0.74045
0.95802  5.733e-03  0.74045
0.95879  5.546e-03  0.74045
0.95955  5.365e-03  0.74045
0.96030  5.190e-03  0.74045
0.96103  5.020e-03  0.74045
0.96174  4.857e-03  0.74045
0.96244  4.699e-03  0.74045
0.96313  4.543e-03  0.74045
0.96360  4.440e-03  0.74045
0.96388  4.378e-03  0.74045
0.96455  4.232e-03  0.74045
0.96521  4.090e-03  0.74045
0.96585  3.953e-03  0.74045
0.96647  3.822e-03  0.74045
0.96708  3.695e-03  0.74045
0.96768  3.573e-03  0.74045
0.96826  3.454e-03  0.74045
0.96883  3.340e-03  0.74045
0.96939  3.229e-03  0.74045
0.96994  3.122e-03  0.74045
0.97048  3.018e-03  0.74045
0.97100  2.918e-03  0.74045
0.97152  2.821e-03  0.74045
0.97202  2.727e-03  0.74045
0.97251  2.636e-03  0.74045
0.97299  2.549e-03  0.74045
0.97346  2.465e-03  0.74045
0.97392  2.384e-03  0.74045
0.97437  2.305e-03  0.74045
0.97480  2.230e-03  0.74045
0.97523  2.157e-03  0.74045
0.97565  2.086e-03  0.74045
0.97606  2.018e-03  0.74045
0.97646  1.952e-03  0.74045
0.97686  1.888e-03  0.74045
0.97724  1.826e-03  0.74045
0.97763  1.765e-03  0.74045
0.97800  1.707e-03  0.74045
0.97837  1.651e-03  0.74045
0.97872  1.597e-03  0.74045
0.97908  1.544e-03  0.74045
0.97942  1.493e-03  0.74045
0.97976  1.444e-03  0.74045
0.98009  1.397e-03  0.74045
0.98042  1.351e-03  0.74045
0.98073  1.307e-03  0.74045
0.98105  1.264e-03  0.74045
0.98135  1.223e-03  0.74045
0.98166  1.183e-03  0.74045
0.98195  1.145e-03  0.74045
0.98223  1.108e-03  0.74045
0.98251  1.073e-03  0.74045
0.98280  1.038e-03  0.74045
0.98292  1.023e-03  0.74045
0.98310  1.000e-03  0.74045
0.98338  9.674e-04  0.74045
