# Magnus solar model BS05-AGS-OP
#
# Reference:  J. N. Bahcall, A. M. Serenelli and S. Basu, "New solar opacities, abundances, helioseismology, and neutrino fluxes", ApJ 621, L85 (2005), doi:10.1086/428929, astro-ph/0412440
# Source:     https://www.sns.ias.edu/~jnb/SNdata/Export/BS2005/bs05_agsop.dat
# Original:   bs05_agsop.dat
# Retrieved:  2026-08-04
# SHA-256:    76da551f0a5c548f5f297269ed78937536c4238f2759ab101582658f9caf793e (of bs05_agsop.dat)
# Terms:      "The files accessible here are available for general use. I would appreciate a note at your convenience telling me how you are using them." (J. N. Bahcall, https://www.sns.ias.edu/~jnb/SNdata/sndata.html)
# Modified:   columns extracted only -- radius [R_sun], rho_g_per_cm3, hydrogen mass fraction X --
#             each value copied from the original as written; nothing recomputed or rounded.
#             Built by tools/build_solar_model_tables.py.
# density_column: rho_g_per_cm3
#
# The original header follows, as the authors wrote it:
#
#   Standard Solar Model (BS2005-AGS,OP)
#
#   astro-ph/0412440
#
#   Columns in the Standard Model table (below) represent:
#
#   1)  Mass fraction in units of the solar mass
#   2)  Radius of the zone in units of one solar radius
#   3)  Temperature in units of deg (K)
#   4)  Density in units of g/cm^3
#   5)  Pressure in units of dyn/cm^2
#   6)  Luminosity fraction in units of the solar luminosity
#   7)  X(^1H): the hydrogen mass fraction
#   8)  X(^4He): the helium 4 mass fraction
#   9)  X(^3He): the helium 3 mass fraction
#   10) X(^12C): the carbon 12 mass fraction
#   11) X(^14N): the nitrogen 14 mass fraction
#   12) X(^16O): the oxygen 16 mass fraction
#
#   The Table begins here.
#
#
#     M/Msun    R/Rsun      T         Rho        P        L/Lsun      X      Y(He4)     He3      C12       N14       O16
#
# r_over_r_sun  rho_g_per_cm3  x_hydrogen
0.00161  1.505e+02  0.36462
0.00172  1.505e+02  0.36462
0.00182  1.505e+02  0.36463
0.00191  1.505e+02  0.36464
0.00200  1.504e+02  0.36464
0.00208  1.504e+02  0.36465
0.00215  1.504e+02  0.36466
0.00222  1.504e+02  0.36466
0.00228  1.504e+02  0.36467
0.00235  1.504e+02  0.36468
0.00241  1.504e+02  0.36468
0.00246  1.504e+02  0.36469
0.00252  1.504e+02  0.36470
0.00257  1.504e+02  0.36470
0.00262  1.504e+02  0.36471
0.00267  1.504e+02  0.36472
0.00271  1.504e+02  0.36472
0.00276  1.504e+02  0.36473
0.00280  1.504e+02  0.36474
0.00285  1.504e+02  0.36474
0.00289  1.504e+02  0.36475
0.00293  1.504e+02  0.36476
0.00297  1.504e+02  0.36476
0.00301  1.504e+02  0.36477
0.00305  1.504e+02  0.36477
0.00309  1.504e+02  0.36478
0.00313  1.504e+02  0.36479
0.00317  1.504e+02  0.36479
0.00320  1.504e+02  0.36480
0.00324  1.504e+02  0.36481
0.00328  1.504e+02  0.36481
0.00331  1.504e+02  0.36482
0.00333  1.504e+02  0.36482
0.00337  1.504e+02  0.36483
0.00341  1.504e+02  0.36484
0.00344  1.504e+02  0.36484
0.00347  1.504e+02  0.36485
0.00350  1.504e+02  0.36485
0.00353  1.504e+02  0.36486
0.00356  1.504e+02  0.36487
0.00359  1.504e+02  0.36487
0.00363  1.504e+02  0.36488
0.00366  1.503e+02  0.36489
0.00369  1.503e+02  0.36489
0.00373  1.503e+02  0.36490
0.00375  1.503e+02  0.36491
0.00378  1.503e+02  0.36491
0.00380  1.503e+02  0.36492
0.00382  1.503e+02  0.36492
0.00385  1.503e+02  0.36493
0.00387  1.503e+02  0.36493
0.00389  1.503e+02  0.36494
0.00392  1.503e+02  0.36494
0.00394  1.503e+02  0.36495
0.00397  1.503e+02  0.36495
0.00399  1.503e+02  0.36496
0.00402  1.503e+02  0.36496
0.00404  1.503e+02  0.36497
0.00407  1.503e+02  0.36497
0.00409  1.503e+02  0.36498
0.00412  1.503e+02  0.36499
0.00414  1.503e+02  0.36499
0.00417  1.503e+02  0.36500
0.00419  1.503e+02  0.36500
0.00422  1.503e+02  0.36501
0.00425  1.503e+02  0.36502
0.00427  1.503e+02  0.36502
0.00430  1.503e+02  0.36503
0.00433  1.503e+02  0.36504
0.00435  1.503e+02  0.36504
0.00438  1.503e+02  0.36505
0.00441  1.503e+02  0.36506
0.00443  1.503e+02  0.36506
0.00446  1.503e+02  0.36507
0.00449  1.503e+02  0.36508
0.00452  1.503e+02  0.36508
0.00455  1.503e+02  0.36509
0.00457  1.503e+02  0.36510
0.00460  1.503e+02  0.36511
0.00463  1.503e+02  0.36511
0.00466  1.503e+02  0.36512
0.00469  1.503e+02  0.36513
0.00470  1.503e+02  0.36513
0.00472  1.503e+02  0.36514
0.00473  1.502e+02  0.36514
0.00475  1.502e+02  0.36515
0.00476  1.502e+02  0.36515
0.00478  1.502e+02  0.36515
0.00479  1.502e+02  0.36516
0.00481  1.502e+02  0.36516
0.00482  1.502e+02  0.36517
0.00484  1.502e+02  0.36517
0.00485  1.502e+02  0.36517
0.00487  1.502e+02  0.36518
0.00488  1.502e+02  0.36518
0.00490  1.502e+02  0.36519
0.00491  1.502e+02  0.36519
0.00493  1.502e+02  0.36519
0.00494  1.502e+02  0.36520
0.00496  1.502e+02  0.36520
0.00497  1.502e+02  0.36521
0.00499  1.502e+02  0.36521
0.00500  1.502e+02  0.36522
0.00502  1.502e+02  0.36522
0.00503  1.502e+02  0.36522
0.00505  1.502e+02  0.36523
0.00507  1.502e+02  0.36523
0.00508  1.502e+02  0.36524
0.00510  1.502e+02  0.36524
0.00511  1.502e+02  0.36525
0.00513  1.502e+02  0.36525
0.00514  1.502e+02  0.36526
0.00516  1.502e+02  0.36526
0.00517  1.502e+02  0.36527
0.00519  1.502e+02  0.36527
0.00521  1.502e+02  0.36528
0.00522  1.502e+02  0.36528
0.00524  1.502e+02  0.36529
0.00526  1.502e+02  0.36529
0.00527  1.502e+02  0.36529
0.00529  1.502e+02  0.36530
0.00530  1.502e+02  0.36530
0.00532  1.502e+02  0.36531
0.00534  1.502e+02  0.36531
0.00535  1.502e+02  0.36532
0.00537  1.502e+02  0.36533
0.00539  1.502e+02  0.36533
0.00540  1.502e+02  0.36534
0.00542  1.502e+02  0.36534
0.00544  1.502e+02  0.36535
0.00545  1.502e+02  0.36535
0.00547  1.502e+02  0.36536
0.00549  1.502e+02  0.36536
0.00550  1.502e+02  0.36537
0.00552  1.502e+02  0.36537
0.00554  1.502e+02  0.36538
0.00555  1.502e+02  0.36538
0.00557  1.502e+02  0.36539
0.00559  1.502e+02  0.36539
0.00561  1.501e+02  0.36540
0.00562  1.501e+02  0.36541
0.00564  1.501e+02  0.36541
0.00566  1.501e+02  0.36542
0.00567  1.501e+02  0.36542
0.00569  1.501e+02  0.36543
0.00571  1.501e+02  0.36543
0.00573  1.501e+02  0.36544
0.00575  1.501e+02  0.36545
0.00576  1.501e+02  0.36545
0.00578  1.501e+02  0.36546
0.00580  1.501e+02  0.36546
0.00582  1.501e+02  0.36547
0.00583  1.501e+02  0.36547
0.00585  1.501e+02  0.36548
0.00587  1.501e+02  0.36549
0.00589  1.501e+02  0.36549
0.00591  1.501e+02  0.36550
0.00593  1.501e+02  0.36551
0.00594  1.501e+02  0.36551
0.00596  1.501e+02  0.36552
0.00598  1.501e+02  0.36552
0.00600  1.501e+02  0.36553
0.00602  1.501e+02  0.36554
0.00604  1.501e+02  0.36554
0.00605  1.501e+02  0.36555
0.00607  1.501e+02  0.36556
0.00609  1.501e+02  0.36556
0.00611  1.501e+02  0.36557
0.00613  1.501e+02  0.36558
0.00615  1.501e+02  0.36558
0.00617  1.501e+02  0.36559
0.00619  1.501e+02  0.36560
0.00621  1.501e+02  0.36560
0.00622  1.501e+02  0.36561
0.00624  1.501e+02  0.36562
0.00626  1.501e+02  0.36562
0.00628  1.501e+02  0.36563
0.00630  1.501e+02  0.36564
0.00632  1.501e+02  0.36564
0.00634  1.501e+02  0.36565
0.00636  1.501e+02  0.36566
0.00638  1.500e+02  0.36567
0.00640  1.500e+02  0.36567
0.00642  1.500e+02  0.36568
0.00644  1.500e+02  0.36569
0.00646  1.500e+02  0.36570
0.00648  1.500e+02  0.36570
0.00650  1.500e+02  0.36571
0.00652  1.500e+02  0.36572
0.00654  1.500e+02  0.36573
0.00656  1.500e+02  0.36573
0.00658  1.500e+02  0.36574
0.00660  1.500e+02  0.36575
0.00661  1.500e+02  0.36575
0.00663  1.500e+02  0.36576
0.00665  1.500e+02  0.36577
0.00667  1.500e+02  0.36578
0.00669  1.500e+02  0.36578
0.00671  1.500e+02  0.36579
0.00675  1.500e+02  0.36581
0.00679  1.500e+02  0.36582
0.00681  1.500e+02  0.36583
0.00684  1.500e+02  0.36584
0.00686  1.500e+02  0.36585
0.00690  1.500e+02  0.36586
0.00692  1.500e+02  0.36587
0.00695  1.500e+02  0.36589
0.00697  1.500e+02  0.36589
0.00701  1.500e+02  0.36591
0.00704  1.499e+02  0.36592
0.00706  1.499e+02  0.36593
0.00710  1.499e+02  0.36595
0.00712  1.499e+02  0.36596
0.00715  1.499e+02  0.36597
0.00717  1.499e+02  0.36598
0.00719  1.499e+02  0.36598
0.00721  1.499e+02  0.36599
0.00724  1.499e+02  0.36600
0.00726  1.499e+02  0.36601
0.00728  1.499e+02  0.36602
0.00732  1.499e+02  0.36604
0.00734  1.499e+02  0.36605
0.00738  1.499e+02  0.36606
0.00740  1.499e+02  0.36607
0.00744  1.499e+02  0.36609
0.00746  1.499e+02  0.36610
0.00749  1.499e+02  0.36611
0.00751  1.499e+02  0.36612
0.00754  1.499e+02  0.36613
0.00758  1.499e+02  0.36615
0.00763  1.499e+02  0.36617
0.00767  1.498e+02  0.36619
0.00769  1.498e+02  0.36620
0.00773  1.498e+02  0.36622
0.00775  1.498e+02  0.36623
0.00780  1.498e+02  0.36625
0.00782  1.498e+02  0.36626
0.00785  1.498e+02  0.36627
0.00787  1.498e+02  0.36628
0.00792  1.498e+02  0.36630
0.00795  1.498e+02  0.36631
0.00799  1.498e+02  0.36634
0.00802  1.498e+02  0.36635
0.00807  1.498e+02  0.36637
0.00812  1.498e+02  0.36640
0.00815  1.498e+02  0.36641
0.00820  1.498e+02  0.36643
0.00822  1.497e+02  0.36644
0.00828  1.497e+02  0.36647
0.00830  1.497e+02  0.36648
0.00835  1.497e+02  0.36651
0.00840  1.497e+02  0.36653
0.00843  1.497e+02  0.36654
0.00849  1.497e+02  0.36657
0.00851  1.497e+02  0.36658
0.00856  1.497e+02  0.36661
0.00862  1.497e+02  0.36664
0.00865  1.497e+02  0.36665
0.00870  1.497e+02  0.36668
0.00876  1.497e+02  0.36671
0.00878  1.496e+02  0.36672
0.00884  1.496e+02  0.36675
0.00886  1.496e+02  0.36676
0.00892  1.496e+02  0.36679
0.00898  1.496e+02  0.36682
0.00900  1.496e+02  0.36683
0.00906  1.496e+02  0.36686
0.00909  1.496e+02  0.36688
0.00915  1.496e+02  0.36691
0.00921  1.496e+02  0.36694
0.00923  1.496e+02  0.36695
0.00929  1.495e+02  0.36698
0.00932  1.495e+02  0.36700
0.00938  1.495e+02  0.36703
0.00944  1.495e+02  0.36706
0.00947  1.495e+02  0.36708
0.00953  1.495e+02  0.36711
0.00956  1.495e+02  0.36713
0.00962  1.495e+02  0.36716
0.00968  1.495e+02  0.36720
0.00971  1.495e+02  0.36721
0.00977  1.494e+02  0.36725
0.00980  1.494e+02  0.36727
0.00986  1.494e+02  0.36730
0.00992  1.494e+02  0.36734
0.00996  1.494e+02  0.36735
0.01002  1.494e+02  0.36739
0.01005  1.494e+02  0.36741
0.01011  1.494e+02  0.36745
0.01018  1.494e+02  0.36748
0.01021  1.493e+02  0.36750
0.01027  1.493e+02  0.36754
0.01030  1.493e+02  0.36756
0.01037  1.493e+02  0.36760
0.01044  1.493e+02  0.36764
0.01047  1.493e+02  0.36766
0.01053  1.493e+02  0.36770
0.01057  1.493e+02  0.36772
0.01063  1.492e+02  0.36776
0.01070  1.492e+02  0.36780
0.01073  1.492e+02  0.36782
0.01080  1.492e+02  0.36786
0.01083  1.492e+02  0.36788
0.01090  1.492e+02  0.36792
0.01097  1.492e+02  0.36797
0.01100  1.492e+02  0.36799
0.01107  1.491e+02  0.36803
0.01110  1.491e+02  0.36805
0.01118  1.491e+02  0.36810
0.01124  1.491e+02  0.36814
0.01128  1.491e+02  0.36816
0.01135  1.491e+02  0.36821
0.01138  1.491e+02  0.36823
0.01146  1.491e+02  0.36828
0.01153  1.490e+02  0.36833
0.01156  1.490e+02  0.36835
0.01163  1.490e+02  0.36840
0.01167  1.490e+02  0.36842
0.01174  1.490e+02  0.36847
0.01182  1.490e+02  0.36852
0.01185  1.489e+02  0.36855
0.01193  1.489e+02  0.36860
0.01196  1.489e+02  0.36862
0.01204  1.489e+02  0.36868
0.01212  1.489e+02  0.36873
0.01215  1.489e+02  0.36875
0.01223  1.489e+02  0.36881
0.01227  1.488e+02  0.36883
0.01234  1.488e+02  0.36889
0.01242  1.488e+02  0.36894
0.01246  1.488e+02  0.36897
0.01254  1.488e+02  0.36903
0.01258  1.488e+02  0.36905
0.01266  1.487e+02  0.36911
0.01270  1.487e+02  0.36914
0.01277  1.487e+02  0.36920
0.01285  1.487e+02  0.36926
0.01289  1.487e+02  0.36929
0.01297  1.486e+02  0.36935
0.01305  1.486e+02  0.36941
0.01309  1.486e+02  0.36944
0.01317  1.486e+02  0.36950
0.01321  1.486e+02  0.36953
0.01330  1.486e+02  0.36959
0.01338  1.485e+02  0.36965
0.01342  1.485e+02  0.36968
0.01350  1.485e+02  0.36974
0.01354  1.485e+02  0.36978
0.01362  1.485e+02  0.36984
0.01370  1.484e+02  0.36991
0.01382  1.484e+02  0.37000
0.01387  1.484e+02  0.37003
0.01395  1.484e+02  0.37010
0.01403  1.483e+02  0.37017
0.01416  1.483e+02  0.37027
0.01428  1.483e+02  0.37037
0.01436  1.482e+02  0.37044
0.01449  1.482e+02  0.37054
0.01461  1.482e+02  0.37064
0.01470  1.481e+02  0.37071
0.01482  1.481e+02  0.37082
0.01494  1.481e+02  0.37092
0.01498  1.480e+02  0.37096
0.01510  1.480e+02  0.37106
0.01518  1.480e+02  0.37112
0.01528  1.479e+02  0.37122
0.01540  1.479e+02  0.37132
0.01550  1.479e+02  0.37141
0.01557  1.478e+02  0.37146
0.01570  1.478e+02  0.37159
0.01579  1.478e+02  0.37167
0.01593  1.477e+02  0.37179
0.01606  1.477e+02  0.37191
0.01616  1.476e+02  0.37200
0.01629  1.476e+02  0.37212
0.01643  1.476e+02  0.37225
0.01652  1.475e+02  0.37234
0.01666  1.475e+02  0.37247
0.01680  1.474e+02  0.37260
0.01689  1.474e+02  0.37269
0.01703  1.473e+02  0.37282
0.01717  1.473e+02  0.37296
0.01727  1.472e+02  0.37305
0.01741  1.472e+02  0.37319
0.01755  1.471e+02  0.37334
0.01765  1.471e+02  0.37343
0.01779  1.471e+02  0.37357
0.01793  1.470e+02  0.37372
0.01803  1.470e+02  0.37382
0.01817  1.469e+02  0.37396
0.01832  1.469e+02  0.37412
0.01842  1.468e+02  0.37422
0.01856  1.468e+02  0.37437
0.01871  1.467e+02  0.37452
0.01880  1.467e+02  0.37462
0.01895  1.466e+02  0.37478
0.01910  1.465e+02  0.37494
0.01920  1.465e+02  0.37505
0.01934  1.464e+02  0.37521
0.01950  1.464e+02  0.37537
0.01960  1.463e+02  0.37548
0.01980  1.463e+02  0.37570
0.01995  1.462e+02  0.37587
0.02005  1.462e+02  0.37599
0.02020  1.461e+02  0.37616
0.02041  1.460e+02  0.37639
0.02056  1.459e+02  0.37657
0.02071  1.459e+02  0.37675
0.02082  1.458e+02  0.37687
0.02097  1.458e+02  0.37705
0.02113  1.457e+02  0.37724
0.02124  1.456e+02  0.37736
0.02139  1.456e+02  0.37755
0.02155  1.455e+02  0.37774
0.02166  1.454e+02  0.37787
0.02182  1.454e+02  0.37806
0.02198  1.453e+02  0.37826
0.02209  1.453e+02  0.37839
0.02225  1.452e+02  0.37859
0.02241  1.451e+02  0.37879
0.02268  1.450e+02  0.37913
0.02285  1.449e+02  0.37935
0.02312  1.448e+02  0.37969
0.02329  1.447e+02  0.37991
0.02356  1.446e+02  0.38027
0.02373  1.445e+02  0.38049
0.02401  1.443e+02  0.38085
0.02418  1.443e+02  0.38108
0.02446  1.441e+02  0.38146
0.02463  1.440e+02  0.38169
0.02492  1.439e+02  0.38208
0.02509  1.438e+02  0.38232
0.02538  1.437e+02  0.38272
0.02556  1.436e+02  0.38297
0.02585  1.434e+02  0.38338
0.02603  1.433e+02  0.38364
0.02632  1.432e+02  0.38406
0.02650  1.431e+02  0.38432
0.02680  1.429e+02  0.38476
0.02699  1.428e+02  0.38503
0.02735  1.426e+02  0.38557
0.02754  1.425e+02  0.38585
0.02784  1.423e+02  0.38631
0.02816  1.422e+02  0.38678
0.02834  1.421e+02  0.38707
0.02860  1.419e+02  0.38746
0.02878  1.418e+02  0.38775
0.02910  1.416e+02  0.38825
0.02935  1.415e+02  0.38865
0.02955  1.414e+02  0.38895
0.02986  1.412e+02  0.38946
0.03005  1.411e+02  0.38977
0.03044  1.409e+02  0.39040
0.03065  1.407e+02  0.39074
0.03092  1.406e+02  0.39118
0.03113  1.404e+02  0.39152
0.03147  1.402e+02  0.39210
0.03175  1.401e+02  0.39257
0.03217  1.398e+02  0.39329
0.03253  1.396e+02  0.39389
0.03274  1.395e+02  0.39427
0.03310  1.392e+02  0.39489
0.03332  1.391e+02  0.39528
0.03368  1.389e+02  0.39591
0.03391  1.387e+02  0.39631
0.03428  1.385e+02  0.39697
0.03450  1.383e+02  0.39738
0.03488  1.381e+02  0.39805
0.03511  1.380e+02  0.39847
0.03548  1.377e+02  0.39917
0.03594  1.374e+02  0.40002
0.03625  1.372e+02  0.40059
0.03679  1.368e+02  0.40162
0.03719  1.366e+02  0.40237
0.03750  1.364e+02  0.40297
0.03798  1.360e+02  0.40389
0.03830  1.358e+02  0.40453
0.03896  1.354e+02  0.40581
0.03928  1.351e+02  0.40646
0.03995  1.347e+02  0.40779
0.04029  1.344e+02  0.40848
0.04089  1.340e+02  0.40970
0.04132  1.337e+02  0.41058
0.04202  1.332e+02  0.41203
0.04278  1.326e+02  0.41362
0.04345  1.321e+02  0.41506
0.04373  1.319e+02  0.41565
0.04446  1.314e+02  0.41722
0.04492  1.310e+02  0.41822
0.04567  1.305e+02  0.41987
0.04596  1.303e+02  0.42051
0.04674  1.297e+02  0.42222
0.04732  1.292e+02  0.42354
0.04817  1.286e+02  0.42546
0.04863  1.282e+02  0.42650
0.04935  1.277e+02  0.42815
0.04998  1.272e+02  0.42960
0.05050  1.268e+02  0.43082
0.05136  1.261e+02  0.43284
0.05170  1.258e+02  0.43363
0.05259  1.251e+02  0.43574
0.05315  1.247e+02  0.43708
0.05395  1.240e+02  0.43900
0.05465  1.235e+02  0.44069
0.05511  1.231e+02  0.44182
0.05580  1.225e+02  0.44351
0.05653  1.219e+02  0.44531
0.05744  1.212e+02  0.44756
0.05822  1.206e+02  0.44950
0.05885  1.201e+02  0.45106
0.05942  1.196e+02  0.45250
0.05990  1.192e+02  0.45369
0.06053  1.187e+02  0.45528
0.06145  1.179e+02  0.45763
0.06208  1.174e+02  0.45925
0.06291  1.167e+02  0.46135
0.06376  1.160e+02  0.46355
0.06469  1.153e+02  0.46593
0.06534  1.147e+02  0.46761
0.06579  1.144e+02  0.46878
0.06654  1.137e+02  0.47075
0.06750  1.130e+02  0.47323
0.06819  1.124e+02  0.47504
0.06909  1.116e+02  0.47738
0.06971  1.111e+02  0.47903
0.07054  1.104e+02  0.48122
0.07121  1.099e+02  0.48298
0.07213  1.091e+02  0.48539
0.07271  1.087e+02  0.48691
0.07348  1.080e+02  0.48895
0.07394  1.077e+02  0.49017
0.07445  1.072e+02  0.49152
0.07516  1.067e+02  0.49341
0.07575  1.062e+02  0.49495
0.07628  1.058e+02  0.49635
0.07705  1.051e+02  0.49839
0.07775  1.046e+02  0.50026
0.07865  1.038e+02  0.50263
0.07924  1.034e+02  0.50418
0.07987  1.028e+02  0.50586
0.08050  1.023e+02  0.50751
0.08117  1.018e+02  0.50928
0.08193  1.012e+02  0.51129
0.08269  1.006e+02  0.51328
0.08335  1.001e+02  0.51502
0.08419  9.939e+01  0.51723
0.08476  9.894e+01  0.51871
0.08559  9.828e+01  0.52089
0.08606  9.792e+01  0.52211
0.08671  9.741e+01  0.52381
0.08717  9.705e+01  0.52501
0.08782  9.654e+01  0.52670
0.08838  9.611e+01  0.52814
0.08912  9.553e+01  0.53005
0.08958  9.517e+01  0.53125
0.09032  9.460e+01  0.53314
0.09069  9.432e+01  0.53409
0.09133  9.383e+01  0.53572
0.09187  9.341e+01  0.53713
0.09252  9.292e+01  0.53877
0.09325  9.237e+01  0.54063
0.09408  9.174e+01  0.54272
0.09463  9.133e+01  0.54411
0.09537  9.077e+01  0.54597
0.09573  9.050e+01  0.54689
0.09629  9.008e+01  0.54827
0.09675  8.974e+01  0.54943
0.09730  8.933e+01  0.55080
0.09772  8.902e+01  0.55184
0.09823  8.864e+01  0.55311
0.09897  8.810e+01  0.55493
0.09944  8.775e+01  0.55608
0.09991  8.741e+01  0.55722
0.10066  8.687e+01  0.55904
0.10113  8.653e+01  0.56019
0.10178  8.605e+01  0.56177
0.10223  8.573e+01  0.56285
0.10301  8.517e+01  0.56473
0.10377  8.463e+01  0.56653
0.10422  8.431e+01  0.56761
0.10472  8.396e+01  0.56879
0.10539  8.348e+01  0.57036
0.10587  8.315e+01  0.57149
0.10635  8.281e+01  0.57260
0.10712  8.227e+01  0.57440
0.10750  8.201e+01  0.57529
0.10837  8.141e+01  0.57729
0.10895  8.101e+01  0.57861
0.10971  8.048e+01  0.58036
0.11057  7.990e+01  0.58230
0.11139  7.934e+01  0.58413
0.11187  7.902e+01  0.58522
0.11239  7.867e+01  0.58638
0.11316  7.815e+01  0.58808
0.11379  7.774e+01  0.58945
0.11420  7.746e+01  0.59035
0.11471  7.712e+01  0.59147
0.11533  7.671e+01  0.59281
0.11574  7.644e+01  0.59369
0.11657  7.590e+01  0.59547
0.11730  7.543e+01  0.59702
0.11782  7.509e+01  0.59811
0.11861  7.458e+01  0.59977
0.11950  7.401e+01  0.60162
0.12040  7.344e+01  0.60349
0.12120  7.294e+01  0.60511
0.12173  7.260e+01  0.60620
0.12238  7.219e+01  0.60749
0.12318  7.169e+01  0.60911
0.12383  7.129e+01  0.61040
0.12432  7.099e+01  0.61136
0.12497  7.058e+01  0.61264
0.12585  7.005e+01  0.61434
0.12673  6.951e+01  0.61603
0.12740  6.911e+01  0.61730
0.12784  6.885e+01  0.61814
0.12845  6.848e+01  0.61929
0.12896  6.818e+01  0.62023
0.12963  6.778e+01  0.62148
0.13013  6.748e+01  0.62241
0.13076  6.711e+01  0.62355
0.13127  6.681e+01  0.62448
0.13177  6.652e+01  0.62540
0.13252  6.608e+01  0.62674
0.13304  6.578e+01  0.62765
0.13367  6.542e+01  0.62876
0.13413  6.515e+01  0.62958
0.13494  6.469e+01  0.63099
0.13552  6.436e+01  0.63199
0.13634  6.390e+01  0.63339
0.13705  6.350e+01  0.63458
0.13787  6.304e+01  0.63596
0.13841  6.274e+01  0.63685
0.13924  6.228e+01  0.63821
0.14014  6.179e+01  0.63967
0.14062  6.152e+01  0.64045
0.14152  6.103e+01  0.64188
0.14219  6.067e+01  0.64294
0.14309  6.019e+01  0.64435
0.14371  5.986e+01  0.64529
0.14414  5.963e+01  0.64595
0.14505  5.915e+01  0.64734
0.14567  5.882e+01  0.64826
0.14616  5.856e+01  0.64899
0.14677  5.824e+01  0.64990
0.14739  5.792e+01  0.65080
0.14788  5.767e+01  0.65151
0.14849  5.735e+01  0.65240
0.14898  5.710e+01  0.65310
0.14959  5.679e+01  0.65397
0.15056  5.630e+01  0.65531
0.15103  5.606e+01  0.65597
0.15163  5.576e+01  0.65679
0.15221  5.546e+01  0.65758
0.15302  5.506e+01  0.65868
0.15361  5.476e+01  0.65947
0.15444  5.436e+01  0.66056
0.15495  5.411e+01  0.66122
0.15563  5.377e+01  0.66211
0.15604  5.357e+01  0.66263
0.15672  5.324e+01  0.66350
0.15713  5.304e+01  0.66401
0.15781  5.272e+01  0.66486
0.15848  5.239e+01  0.66569
0.15902  5.214e+01  0.66635
0.15963  5.185e+01  0.66709
0.16065  5.137e+01  0.66831
0.16126  5.108e+01  0.66903
0.16227  5.061e+01  0.67021
0.16309  5.023e+01  0.67115
0.16363  4.998e+01  0.67177
0.16445  4.960e+01  0.67268
0.16549  4.913e+01  0.67383
0.16590  4.894e+01  0.67428
0.16694  4.848e+01  0.67539
0.16776  4.811e+01  0.67627
0.16833  4.786e+01  0.67686
0.16932  4.742e+01  0.67788
0.17017  4.705e+01  0.67874
0.17059  4.686e+01  0.67917
0.17144  4.649e+01  0.68001
0.17229  4.612e+01  0.68083
0.17272  4.594e+01  0.68125
0.17360  4.556e+01  0.68208
0.17447  4.519e+01  0.68290
0.17490  4.501e+01  0.68330
0.17577  4.464e+01  0.68410
0.17621  4.446e+01  0.68450
0.17710  4.409e+01  0.68529
0.17754  4.390e+01  0.68568
0.17843  4.354e+01  0.68645
0.17931  4.317e+01  0.68721
0.18051  4.269e+01  0.68821
0.18170  4.221e+01  0.68919
0.18291  4.172e+01  0.69016
0.18412  4.124e+01  0.69111
0.18474  4.100e+01  0.69159
0.18597  4.052e+01  0.69252
0.18659  4.028e+01  0.69298
0.18784  3.980e+01  0.69389
0.18846  3.956e+01  0.69433
0.18972  3.908e+01  0.69522
0.19100  3.861e+01  0.69609
0.19163  3.837e+01  0.69652
0.19293  3.789e+01  0.69737
0.19358  3.765e+01  0.69779
0.19488  3.718e+01  0.69862
0.19587  3.682e+01  0.69923
0.19686  3.646e+01  0.69983
0.19821  3.599e+01  0.70063
0.19956  3.551e+01  0.70141
0.20092  3.504e+01  0.70217
0.20229  3.457e+01  0.70292
0.20369  3.409e+01  0.70366
0.20510  3.362e+01  0.70439
0.20651  3.315e+01  0.70509
0.20793  3.268e+01  0.70578
0.20900  3.234e+01  0.70628
0.21006  3.200e+01  0.70677
0.21180  3.144e+01  0.70756
0.21355  3.089e+01  0.70831
0.21511  3.041e+01  0.70896
0.21663  2.994e+01  0.70958
0.21816  2.948e+01  0.71017
0.21962  2.904e+01  0.71072
0.22107  2.862e+01  0.71126
0.22357  2.789e+01  0.71213
0.22607  2.718e+01  0.71296
0.22830  2.656e+01  0.71366
0.23006  2.608e+01  0.71419
0.23183  2.560e+01  0.71470
0.23358  2.514e+01  0.71518
0.23526  2.470e+01  0.71563
0.23694  2.427e+01  0.71606
0.23944  2.364e+01  0.71667
0.24195  2.302e+01  0.71724
0.24364  2.261e+01  0.71761
0.24533  2.221e+01  0.71797
0.24705  2.181e+01  0.71831
0.24877  2.141e+01  0.71864
0.25051  2.101e+01  0.71896
0.25226  2.062e+01  0.71927
0.25583  1.984e+01  0.71986
0.25947  1.908e+01  0.72041
0.26320  1.832e+01  0.72093
0.26701  1.757e+01  0.72143
0.27092  1.683e+01  0.72191
0.27494  1.611e+01  0.72238
0.27906  1.539e+01  0.72286
0.28330  1.468e+01  0.72334
0.28767  1.398e+01  0.72382
0.29218  1.329e+01  0.72430
0.29684  1.261e+01  0.72477
0.30165  1.195e+01  0.72524
0.30662  1.129e+01  0.72568
0.31139  1.070e+01  0.72608
0.31578  1.018e+01  0.72643
0.31963  9.744e+00  0.72671
0.32288  9.390e+00  0.72694
0.32567  9.097e+00  0.72713
0.32866  8.792e+00  0.72732
0.33340  8.330e+00  0.72760
0.33676  8.018e+00  0.72779
0.34224  7.533e+00  0.72809
0.34832  7.029e+00  0.72839
0.35463  6.542e+00  0.72868
0.36119  6.071e+00  0.72896
0.36805  5.617e+00  0.72923
0.37516  5.182e+00  0.72950
0.38169  4.814e+00  0.72974
0.38712  4.528e+00  0.72993
0.39138  4.317e+00  0.73007
0.39452  4.167e+00  0.73018
0.39779  4.017e+00  0.73029
0.40017  3.912e+00  0.73036
0.40357  3.766e+00  0.73047
0.40766  3.598e+00  0.73060
0.41180  3.436e+00  0.73073
0.41605  3.278e+00  0.73085
0.41918  3.167e+00  0.73095
0.42236  3.057e+00  0.73104
0.42677  2.912e+00  0.73116
0.43061  2.792e+00  0.73127
0.43453  2.674e+00  0.73138
0.44195  2.466e+00  0.73158
0.44938  2.275e+00  0.73177
0.45312  2.185e+00  0.73187
0.45695  2.097e+00  0.73197
0.46071  2.014e+00  0.73207
0.46458  1.932e+00  0.73217
0.46864  1.850e+00  0.73228
0.47282  1.769e+00  0.73238
0.48022  1.636e+00  0.73257
0.48532  1.550e+00  0.73270
0.48832  1.502e+00  0.73278
0.49164  1.451e+00  0.73286
0.49475  1.404e+00  0.73294
0.50184  1.304e+00  0.73312
0.50848  1.217e+00  0.73329
0.51488  1.140e+00  0.73345
0.52115  1.069e+00  0.73360
0.52731  1.004e+00  0.73375
0.53337  9.441e-01  0.73390
0.53933  8.890e-01  0.73405
0.54519  8.382e-01  0.73420
0.55096  7.914e-01  0.73434
0.55662  7.481e-01  0.73448
0.56219  7.080e-01  0.73462
0.56765  6.710e-01  0.73476
0.57302  6.366e-01  0.73489
0.57828  6.048e-01  0.73502
0.58342  5.754e-01  0.73515
0.58844  5.481e-01  0.73527
0.59331  5.231e-01  0.73538
0.59794  5.004e-01  0.73548
0.60223  4.803e-01  0.73558
0.60601  4.633e-01  0.73566
0.60937  4.488e-01  0.73573
0.61445  4.278e-01  0.73582
0.61755  4.155e-01  0.73588
0.62194  3.988e-01  0.73595
0.62634  3.827e-01  0.73602
0.63067  3.676e-01  0.73609
0.63492  3.534e-01  0.73614
0.63908  3.401e-01  0.73620
0.64315  3.276e-01  0.73627
0.64513  3.217e-01  0.73631
0.64712  3.159e-01  0.73635
0.64905  3.104e-01  0.73639
0.65099  3.049e-01  0.73645
0.65286  2.998e-01  0.73651
0.65474  2.947e-01  0.73658
0.65651  2.900e-01  0.73666
0.65829  2.854e-01  0.73676
0.66075  2.791e-01  0.73690
0.66325  2.729e-01  0.73709
0.66498  2.686e-01  0.73724
0.66718  2.634e-01  0.73745
0.66829  2.608e-01  0.73758
0.66977  2.573e-01  0.73775
0.67126  2.539e-01  0.73795
0.67308  2.498e-01  0.73822
0.67399  2.477e-01  0.73836
0.67491  2.457e-01  0.73852
0.67598  2.434e-01  0.73871
0.67705  2.411e-01  0.73891
0.67812  2.388e-01  0.73912
0.67921  2.365e-01  0.73935
0.68043  2.339e-01  0.73961
0.68125  2.322e-01  0.73980
0.68249  2.297e-01  0.74010
0.68351  2.276e-01  0.74036
0.68420  2.262e-01  0.74054
0.68524  2.241e-01  0.74081
0.68628  2.220e-01  0.74110
0.68698  2.207e-01  0.74130
0.68804  2.186e-01  0.74161
0.68884  2.171e-01  0.74185
0.68937  2.161e-01  0.74201
0.69017  2.145e-01  0.74225
0.69071  2.135e-01  0.74242
0.69152  2.120e-01  0.74268
0.69234  2.105e-01  0.74294
0.69288  2.094e-01  0.74312
0.69370  2.079e-01  0.74339
0.69425  2.069e-01  0.74357
0.69452  2.064e-01  0.74366
0.69507  2.054e-01  0.74385
0.69534  2.050e-01  0.74394
0.69590  2.040e-01  0.74413
0.69645  2.030e-01  0.74433
0.69673  2.025e-01  0.74442
0.69728  2.015e-01  0.74462
0.69784  2.005e-01  0.74482
0.69812  2.000e-01  0.74492
0.69868  1.990e-01  0.74512
0.69896  1.985e-01  0.74523
0.69953  1.976e-01  0.74543
0.69981  1.971e-01  0.74554
0.70009  1.966e-01  0.74564
0.70038  1.961e-01  0.74575
0.70066  1.956e-01  0.74585
0.70095  1.951e-01  0.74596
0.70123  1.946e-01  0.74607
0.70151  1.942e-01  0.74617
0.70178  1.937e-01  0.74628
0.70206  1.932e-01  0.74638
0.70234  1.928e-01  0.74649
0.70262  1.923e-01  0.74660
0.70289  1.918e-01  0.74671
0.70317  1.914e-01  0.74681
0.70345  1.909e-01  0.74692
0.70373  1.904e-01  0.74703
0.70401  1.900e-01  0.74714
0.70429  1.895e-01  0.74725
0.70457  1.891e-01  0.74737
0.70486  1.886e-01  0.74748
0.70514  1.881e-01  0.74759
0.70542  1.877e-01  0.74770
0.70570  1.872e-01  0.74782
0.70608  1.866e-01  0.74797
0.70646  1.860e-01  0.74812
0.70684  1.854e-01  0.74828
0.70722  1.848e-01  0.74844
0.70746  1.844e-01  0.74854
0.70770  1.840e-01  0.74864
0.70794  1.836e-01  0.74874
0.70819  1.832e-01  0.74884
0.70843  1.829e-01  0.74894
0.70867  1.825e-01  0.74904
0.70891  1.821e-01  0.74914
0.70916  1.817e-01  0.74924
0.70940  1.813e-01  0.74935
0.70964  1.810e-01  0.74945
0.70989  1.806e-01  0.74955
0.71013  1.802e-01  0.74966
0.71038  1.798e-01  0.74976
0.71062  1.795e-01  0.74987
0.71087  1.791e-01  0.74997
0.71111  1.787e-01  0.75008
0.71136  1.783e-01  0.75018
0.71160  1.779e-01  0.75029
0.71185  1.776e-01  0.75040
0.71210  1.772e-01  0.75051
0.71235  1.768e-01  0.75062
0.71259  1.765e-01  0.75072
0.71284  1.761e-01  0.75083
0.71309  1.757e-01  0.75094
0.71334  1.753e-01  0.75105
0.71359  1.750e-01  0.75116
0.71384  1.746e-01  0.75128
0.71409  1.742e-01  0.75139
0.71434  1.739e-01  0.75150
0.71459  1.735e-01  0.75161
0.71484  1.731e-01  0.75173
0.71509  1.727e-01  0.75184
0.71532  1.724e-01  0.75194
0.71556  1.721e-01  0.75205
0.71579  1.717e-01  0.75216
0.71602  1.714e-01  0.75226
0.71626  1.711e-01  0.75237
0.71649  1.707e-01  0.75248
0.71672  1.704e-01  0.75259
0.71696  1.701e-01  0.75269
0.71719  1.697e-01  0.75280
0.71743  1.694e-01  0.75291
0.71766  1.690e-01  0.75302
0.71790  1.687e-01  0.75313
0.71813  1.684e-01  0.75324
0.71837  1.681e-01  0.75335
0.71861  1.677e-01  0.75346
0.71884  1.674e-01  0.75358
0.71908  1.671e-01  0.75369
0.71932  1.667e-01  0.75380
0.71955  1.664e-01  0.75391
0.71979  1.661e-01  0.75403
0.72003  1.657e-01  0.75414
0.72027  1.654e-01  0.75426
0.72051  1.651e-01  0.75437
0.72075  1.648e-01  0.75449
0.72099  1.644e-01  0.75461
0.72123  1.641e-01  0.75472
0.72147  1.638e-01  0.75484
0.72171  1.634e-01  0.75496
0.72195  1.631e-01  0.75508
0.72219  1.628e-01  0.75520
0.72243  1.625e-01  0.75531
0.72267  1.622e-01  0.75544
0.72290  1.619e-01  0.75555
0.72312  1.616e-01  0.75566
0.72335  1.613e-01  0.75577
0.72357  1.610e-01  0.75589
0.72380  1.607e-01  0.75600
0.72402  1.604e-01  0.75611
0.72425  1.601e-01  0.75623
0.72447  1.598e-01  0.75635
0.72470  1.595e-01  0.75646
0.72492  1.592e-01  0.75658
0.72515  1.589e-01  0.75670
0.72538  1.586e-01  0.75682
0.72561  1.583e-01  0.75693
0.72583  1.580e-01  0.75705
0.72606  1.577e-01  0.75717
0.72629  1.574e-01  0.75729
0.72652  1.572e-01  0.75741
0.72675  1.569e-01  0.75753
0.72720  1.563e-01  0.75776
0.72743  1.560e-01  0.75788
0.72789  1.554e-01  0.75812
0.72824  1.550e-01  0.75830
0.72859  1.546e-01  0.75830
0.72893  1.542e-01  0.75830
0.72928  1.538e-01  0.75830
0.72974  1.532e-01  0.75830
0.73041  1.525e-01  0.75830
0.73105  1.517e-01  0.75830
0.73148  1.512e-01  0.75830
0.73213  1.505e-01  0.75830
0.73257  1.500e-01  0.75830
0.73322  1.492e-01  0.75830
0.73344  1.490e-01  0.75830
0.73409  1.482e-01  0.75830
0.73453  1.477e-01  0.75830
0.73519  1.470e-01  0.75830
0.73585  1.462e-01  0.75830
0.73630  1.457e-01  0.75830
0.73696  1.450e-01  0.75830
0.73740  1.445e-01  0.75830
0.73805  1.437e-01  0.75830
0.73849  1.432e-01  0.75830
0.73914  1.425e-01  0.75830
0.74002  1.415e-01  0.75830
0.74046  1.411e-01  0.75830
0.74113  1.403e-01  0.75830
0.74179  1.396e-01  0.75830
0.74224  1.391e-01  0.75830
0.74290  1.384e-01  0.75830
0.74335  1.379e-01  0.75830
0.74403  1.371e-01  0.75830
0.74490  1.362e-01  0.75830
0.74579  1.352e-01  0.75830
0.74667  1.343e-01  0.75830
0.74726  1.337e-01  0.75830
0.74816  1.327e-01  0.75830
0.74916  1.317e-01  0.75830
0.74996  1.308e-01  0.75830
0.75069  1.300e-01  0.75830
0.75135  1.294e-01  0.75830
0.75201  1.287e-01  0.75830
0.75300  1.276e-01  0.75830
0.75367  1.269e-01  0.75830
0.75467  1.259e-01  0.75830
0.75568  1.249e-01  0.75830
0.75645  1.241e-01  0.75830
0.75723  1.233e-01  0.75830
0.75839  1.221e-01  0.75830
0.75957  1.209e-01  0.75830
0.76035  1.202e-01  0.75830
0.76154  1.190e-01  0.75830
0.76231  1.182e-01  0.75830
0.76306  1.175e-01  0.75830
0.76418  1.164e-01  0.75830
0.76493  1.157e-01  0.75830
0.76607  1.145e-01  0.75830
0.76683  1.138e-01  0.75830
0.76798  1.127e-01  0.75830
0.76870  1.120e-01  0.75830
0.76942  1.113e-01  0.75830
0.77014  1.107e-01  0.75830
0.77087  1.100e-01  0.75830
0.77160  1.093e-01  0.75830
0.77234  1.086e-01  0.75830
0.77307  1.079e-01  0.75830
0.77451  1.066e-01  0.75830
0.77591  1.053e-01  0.75830
0.77732  1.040e-01  0.75830
0.77803  1.033e-01  0.75830
0.77946  1.021e-01  0.75830
0.78080  1.008e-01  0.75830
0.78216  9.964e-02  0.75830
0.78353  9.842e-02  0.75830
0.78492  9.721e-02  0.75830
0.78622  9.607e-02  0.75830
0.78754  9.493e-02  0.75830
0.78887  9.379e-02  0.75830
0.79021  9.265e-02  0.75830
0.79146  9.159e-02  0.75830
0.79272  9.053e-02  0.75830
0.79399  8.947e-02  0.75830
0.79528  8.840e-02  0.75830
0.79649  8.741e-02  0.75830
0.79772  8.640e-02  0.75830
0.79895  8.540e-02  0.75830
0.80020  8.440e-02  0.75830
0.80138  8.345e-02  0.75830
0.80256  8.251e-02  0.75830
0.80376  8.156e-02  0.75830
0.80497  8.061e-02  0.75830
0.80611  7.972e-02  0.75830
0.80727  7.883e-02  0.75830
0.80843  7.793e-02  0.75830
0.80960  7.704e-02  0.75830
0.81183  7.535e-02  0.75830
0.81410  7.365e-02  0.75830
0.81626  7.206e-02  0.75830
0.81847  7.045e-02  0.75830
0.82057  6.894e-02  0.75830
0.82271  6.741e-02  0.75830
0.82476  6.598e-02  0.75830
0.82684  6.453e-02  0.75830
0.82882  6.317e-02  0.75830
0.83085  6.180e-02  0.75830
0.83278  6.051e-02  0.75830
0.83475  5.921e-02  0.75830
0.83663  5.797e-02  0.75830
0.83854  5.674e-02  0.75830
0.84037  5.557e-02  0.75830
0.84223  5.439e-02  0.75830
0.84400  5.329e-02  0.75830
0.84579  5.218e-02  0.75830
0.84751  5.113e-02  0.75830
0.84926  5.007e-02  0.75830
0.85093  4.907e-02  0.75830
0.85263  4.807e-02  0.75830
0.85426  4.711e-02  0.75830
0.85591  4.615e-02  0.75830
0.85750  4.524e-02  0.75830
0.85911  4.433e-02  0.75830
0.86066  4.346e-02  0.75830
0.86223  4.258e-02  0.75830
0.86374  4.175e-02  0.75830
0.86527  4.092e-02  0.75830
0.86674  4.013e-02  0.75830
0.86823  3.933e-02  0.75830
0.86966  3.857e-02  0.75830
0.87112  3.781e-02  0.75830
0.87252  3.708e-02  0.75830
0.87393  3.635e-02  0.75830
0.87530  3.566e-02  0.75830
0.87668  3.496e-02  0.75830
0.87801  3.430e-02  0.75830
0.87936  3.363e-02  0.75830
0.88064  3.301e-02  0.75830
0.88194  3.237e-02  0.75830
0.88319  3.177e-02  0.75830
0.88446  3.117e-02  0.75830
0.88568  3.059e-02  0.75830
0.88692  3.001e-02  0.75830
0.88812  2.946e-02  0.75830
0.88933  2.890e-02  0.75830
0.89049  2.837e-02  0.75830
0.89167  2.784e-02  0.75830
0.89280  2.733e-02  0.75830
0.89396  2.682e-02  0.75830
0.89506  2.633e-02  0.75830
0.89619  2.584e-02  0.75830
0.89727  2.537e-02  0.75830
0.89837  2.490e-02  0.75830
0.89942  2.445e-02  0.75830
0.90050  2.400e-02  0.75830
0.90153  2.357e-02  0.75830
0.90258  2.313e-02  0.75830
0.90358  2.272e-02  0.75830
0.90460  2.230e-02  0.75830
0.90559  2.191e-02  0.75830
0.90658  2.151e-02  0.75830
0.90757  2.111e-02  0.75830
0.90856  2.072e-02  0.75830
0.90985  2.022e-02  0.75830
0.91134  1.964e-02  0.75830
0.91227  1.929e-02  0.75830
0.91322  1.893e-02  0.75830
0.91413  1.859e-02  0.75830
0.91505  1.824e-02  0.75830
0.91594  1.791e-02  0.75830
0.91685  1.758e-02  0.75830
0.91771  1.726e-02  0.75830
0.91859  1.695e-02  0.75830
0.91944  1.664e-02  0.75830
0.92030  1.634e-02  0.75830
0.92113  1.605e-02  0.75830
0.92197  1.575e-02  0.75830
0.92277  1.547e-02  0.75830
0.92358  1.519e-02  0.75830
0.92436  1.493e-02  0.75830
0.92516  1.466e-02  0.75830
0.92592  1.440e-02  0.75830
0.92669  1.414e-02  0.75830
0.92744  1.390e-02  0.75830
0.92819  1.365e-02  0.75830
0.92892  1.341e-02  0.75830
0.92966  1.317e-02  0.75830
0.93037  1.294e-02  0.75830
0.93110  1.271e-02  0.75830
0.93179  1.249e-02  0.75830
0.93250  1.227e-02  0.75830
0.93317  1.205e-02  0.75830
0.93386  1.184e-02  0.75830
0.93453  1.164e-02  0.75830
0.93520  1.143e-02  0.75830
0.93585  1.123e-02  0.75830
0.93651  1.104e-02  0.75830
0.93714  1.085e-02  0.75830
0.93778  1.065e-02  0.75830
0.93840  1.047e-02  0.75830
0.93903  1.029e-02  0.75830
0.93963  1.011e-02  0.75830
0.94024  9.938e-03  0.75830
0.94082  9.770e-03  0.75830
0.94142  9.601e-03  0.75830
0.94199  9.439e-03  0.75830
0.94257  9.276e-03  0.75830
0.94313  9.120e-03  0.75830
0.94370  8.962e-03  0.75830
0.94425  8.812e-03  0.75830
0.94480  8.660e-03  0.75830
0.94534  8.515e-03  0.75830
0.94588  8.368e-03  0.75830
0.94640  8.228e-03  0.75830
0.94693  8.087e-03  0.75830
0.94744  7.952e-03  0.75830
0.94796  7.816e-03  0.75830
0.94846  7.686e-03  0.75830
0.94897  7.554e-03  0.75830
0.94946  7.429e-03  0.75830
0.94995  7.302e-03  0.75830
0.95043  7.180e-03  0.75830
0.95092  7.058e-03  0.75830
0.95138  6.941e-03  0.75830
0.95186  6.823e-03  0.75830
0.95231  6.711e-03  0.75830
0.95277  6.598e-03  0.75830
0.95321  6.490e-03  0.75830
0.95366  6.381e-03  0.75830
0.95410  6.276e-03  0.75830
0.95454  6.171e-03  0.75830
0.95496  6.070e-03  0.75830
0.95539  5.969e-03  0.75830
0.95580  5.871e-03  0.75830
0.95623  5.773e-03  0.75830
0.95663  5.679e-03  0.75830
0.95704  5.584e-03  0.75830
0.95744  5.493e-03  0.75830
0.95784  5.402e-03  0.75830
0.95823  5.314e-03  0.75830
0.95862  5.225e-03  0.75830
0.95900  5.140e-03  0.75830
0.95939  5.055e-03  0.75830
0.96014  4.890e-03  0.75830
0.96087  4.731e-03  0.75830
0.96159  4.577e-03  0.75830
0.96194  4.501e-03  0.75830
0.96230  4.425e-03  0.75830
0.96278  4.325e-03  0.75830
0.96307  4.265e-03  0.75830
0.96341  4.194e-03  0.75830
0.96376  4.122e-03  0.75830
0.96409  4.054e-03  0.75830
0.96443  3.984e-03  0.75830
0.96476  3.918e-03  0.75830
0.96510  3.851e-03  0.75830
0.96574  3.723e-03  0.75830
0.96636  3.600e-03  0.75830
0.96698  3.481e-03  0.75830
0.96758  3.366e-03  0.75830
0.96816  3.254e-03  0.75830
0.96874  3.147e-03  0.75830
0.96930  3.042e-03  0.75830
0.96985  2.942e-03  0.75830
0.97039  2.844e-03  0.75830
0.97092  2.750e-03  0.75830
0.97144  2.659e-03  0.75830
0.97194  2.570e-03  0.75830
0.97244  2.486e-03  0.75830
0.97292  2.404e-03  0.75830
0.97339  2.325e-03  0.75830
0.97385  2.248e-03  0.75830
0.97430  2.175e-03  0.75830
0.97473  2.104e-03  0.75830
0.97516  2.035e-03  0.75830
0.97558  1.969e-03  0.75830
0.97600  1.905e-03  0.75830
0.97640  1.842e-03  0.75830
0.97680  1.782e-03  0.75830
0.97719  1.723e-03  0.75830
0.97758  1.666e-03  0.75830
0.97795  1.612e-03  0.75830
0.97832  1.559e-03  0.75830
0.97868  1.508e-03  0.75830
0.97903  1.458e-03  0.75830
0.97938  1.411e-03  0.75830
0.97972  1.365e-03  0.75830
0.98005  1.320e-03  0.75830
0.98038  1.277e-03  0.75830
0.98070  1.235e-03  0.75830
0.98101  1.195e-03  0.75830
0.98132  1.156e-03  0.75830
0.98162  1.119e-03  0.75830
0.98191  1.083e-03  0.75830
0.98220  1.049e-03  0.75830
0.98249  1.014e-03  0.75830
0.98261  9.997e-04  0.75830
0.98280  9.777e-04  0.75830
0.98308  9.457e-04  0.75830
